Discriminator error: tensor(27.6310, device='cuda:0', grad_fn=<ThAddBackward>)
Generator error: tensor(37.6013, device='cuda:0', grad_fn=<BinaryCrossEntropyBackward>)
Points: tensor([[  2.1248,   1.4099,   3.3182,   5.2103,   3.5929,  -1.9671,   2.0133,
          -0.2208,   0.4115,   0.2131,  -1.7645,   5.2548,  -4.8661,   4.1692,
          -2.8961,  -0.5472,  -0.6597,  -2.1460,  -2.0458,   1.1082,   1.1709,
           1.3828,  -1.3890,   0.1500,  -0.9173,   0.1184,   2.9408,  -2.2178,
           1.6240,  -0.0301,   0.3089],
        [  5.3905,   3.2146,   7.7356,  12.8535,   8.4126,  -4.7109,   4.4697,
          -0.8150,   0.7331,   0.8550,  -4.1957,  12.5577, -11.9943,   9.9787,
          -7.4758,  -0.9710,  -1.5381,  -4.8560,  -5.3509,   2.3224,   2.4851,
           3.4636,  -3.7065,   0.0752,  -2.4013,   0.1293,   7.2002,  -5.7411,
           4.2777,  -0.4045,   1.0397],
        [  3.7190,   3.0466,   5.7143,   8.4356,   6.6652,  -3.2410,   3.8134,
          -0.3389,   0.3127,   0.1700,  -3.3783,   8.8414,  -7.4197,   7.0535,
          -4.2983,  -1.2985,  -1.5811,  -3.9103,  -2.9140,   2.3889,   2.5641,
           2.4734,  -1.9150,   0.7553,  -0.8612,   0.7179,   4.4694,  -3.2552,
           1.8959,   0.4226,   0.0587],
        [  2.6800,   2.0121,   4.0718,   6.2131,   4.5767,  -2.3699,   2.6969,
          -0.3631,   0.2123,   0.2368,  -2.2791,   6.4698,  -5.4953,   5.0408,
          -3.2400,  -0.7647,  -0.9652,  -2.6038,  -2.2904,   1.6207,   1.6219,
           1.7687,  -1.5576,   0.3076,  -0.7813,   0.3622,   3.4346,  -2.5088,
           1.5680,   0.0695,   0.1918],
        [  4.9853,   2.5452,   7.0568,  12.1843,   7.4302,  -4.4978,   3.8265,
          -0.9881,   0.8948,   0.9919,  -3.6472,  11.6140, -11.6858,   9.1933,
          -7.4204,  -0.6011,  -1.1638,  -4.1544,  -5.4644,   1.7093,   1.8843,
           3.2507,  -3.8079,  -0.4556,  -2.7206,  -0.1174,   6.9832,  -5.7618,
           4.6013,  -0.8058,   1.4446]],
       device='cuda:0', grad_fn=<ThAddmmBackward>)


