Discriminator error: tensor(27.6310, device='cuda:0', grad_fn=<ThAddBackward>)
Generator error: tensor(27.6310, device='cuda:0', grad_fn=<BinaryCrossEntropyBackward>)
Points: tensor([[  4.9482,   1.6571,   7.4929,  13.4813,   7.1268,  -4.8069,   3.3025,
          -1.2195,   1.2676,   1.3035,  -3.7631,  11.9697, -13.1599,   9.6492,
          -8.6230,  -0.1182,  -0.8011,  -3.8798,  -6.4406,   1.0694,   1.1557,
           3.5662,  -4.3180,  -1.2132,  -3.5798,  -0.8136,   8.0026,  -6.4318,
           6.1663,  -1.6130,   2.1305],
        [  3.5653,   3.8798,   6.4762,   7.9253,   7.7229,  -3.6293,   4.8650,
           0.1909,  -0.0466,  -0.3249,  -4.4941,   8.7591,  -6.4881,   7.3260,
          -3.2130,  -1.8528,  -2.2704,  -4.6324,  -1.7424,   3.2679,   3.6557,
           2.9376,  -1.0170,   1.7692,  -0.0167,   1.6096,   3.8969,  -2.1123,
           0.8332,   1.4120,  -0.8657],
        [  4.4216,   3.5980,   7.3815,  10.5407,   8.3224,  -4.3609,   4.9132,
          -0.1605,   0.2870,   0.2977,  -4.7717,  10.6444,  -9.2668,   8.8744,
          -5.3235,  -1.4886,  -2.0081,  -4.7526,  -3.4181,   2.9403,   3.1772,
           3.3850,  -2.1750,   1.1146,  -1.1435,   1.0222,   5.6159,  -3.7308,
           2.6038,   0.6991,   0.0082],
        [  4.0248,   3.7182,   7.0798,   9.1356,   8.1652,  -4.0837,   5.0067,
           0.0361,   0.0030,  -0.0476,  -4.7191,   9.7495,  -7.8405,   8.1282,
          -4.1619,  -1.7004,  -2.2048,  -4.7958,  -2.5369,   3.2520,   3.4966,
           3.1836,  -1.6762,   1.5670,  -0.4719,   1.3882,   4.7822,  -2.8920,
           1.5116,   1.1333,  -0.5116],
        [  3.9982,   3.3321,   6.7715,   9.5301,   7.5220,  -3.8581,   4.3871,
          -0.1736,   0.1911,   0.2443,  -4.2249,   9.7015,  -8.2410,   7.9324,
          -4.7336,  -1.3253,  -1.8805,  -4.3607,  -3.1644,   2.6470,   2.8835,
           3.0525,  -1.9635,   0.9232,  -0.9182,   0.9264,   5.0763,  -3.3605,
           2.2185,   0.5252,  -0.0435]],
       device='cuda:0', grad_fn=<ThAddmmBackward>)


