Discriminator error: tensor(55.2620, device='cuda:0', grad_fn=<ThAddBackward>)
Generator error: tensor(0., device='cuda:0', grad_fn=<BinaryCrossEntropyBackward>)
Points: tensor([[ 32.2405,  -6.5023,   6.5416,  -0.2780, -26.6318,  36.1837,  11.2566,
           6.4460, -30.9480,  12.9224, -25.5690,  15.6181, -29.8394, -41.8968,
         -10.5770,  13.7388,   4.2352, -11.3680, -42.7803, -26.9803, -21.3344,
         -24.1876, -34.3941, -30.2518,  13.6467,  34.5780,  28.0371,  -3.3799,
          21.2360, -22.4693, -37.3677],
        [ 41.3567, -16.6855,  -5.4007,   2.6179, -31.6250,  40.4686,  21.9103,
          17.8844, -36.2355,  25.3047, -28.2032,  29.0614, -34.7121, -49.7887,
         -20.3130,  24.9148,  15.9053, -23.8918, -48.8758, -31.6775, -26.0537,
         -25.8039, -43.5520, -31.1914,  19.3677,  38.0270,  37.6212, -12.2270,
          24.6154, -26.2939, -42.2790],
        [ 26.1625, -13.0393,  -7.4527,   2.5536, -19.3372,  23.9773,  16.0601,
          14.0660, -21.9691,  18.4963, -16.5295,  21.0110, -20.8786, -30.3022,
         -14.7602,  18.0022,  13.1239, -17.8389, -29.2202, -19.1791, -16.1190,
         -14.8240, -27.4231, -17.4897,  12.7982,  22.2945,  24.3577, -10.0303,
          14.9459, -16.0545, -25.1470],
        [ 34.2622, -16.9306,  -9.4304,   3.3282, -25.4251,  31.5248,  20.9675,
          18.1826, -28.8180,  24.1011, -21.7511,  27.4028, -27.4441, -39.6698,
         -19.3697,  23.4719,  17.0740, -23.2513, -38.3440, -25.1792, -21.1113,
         -19.4552, -35.9164, -23.1010,  16.7515,  29.3008,  31.8856, -13.0705,
          19.5446, -20.9659, -33.0317],
        [ 42.4335, -21.1869, -12.0323,   4.1757, -31.2061,  38.7433,  26.2404,
          22.8733, -35.6096,  30.1129, -26.8118,  34.0613, -33.8011, -48.9779,
         -23.9706,  29.1877,  21.4210, -28.9857, -47.2677, -31.0141, -26.1609,
         -23.9311, -44.4777, -28.2921,  20.7481,  35.9694,  39.4090, -16.4059,
          24.0347, -25.8599, -40.7134]],
       device='cuda:0', grad_fn=<ThAddmmBackward>)


