Discriminator error: tensor(55.2620, device='cuda:0', grad_fn=<ThAddBackward>)
Generator error: tensor(0., device='cuda:0', grad_fn=<BinaryCrossEntropyBackward>)
Points: tensor([[ 26.7852,  -7.3042,   2.3079,   0.4299, -21.5569,  28.9406,  10.9663,
           7.4215, -24.8605,  12.6468, -20.1765,  14.9818, -24.1825, -33.9151,
         -10.4299,  13.0128,   5.8627, -11.6034, -34.1514, -21.8115, -17.4275,
         -19.1208, -28.3479, -23.5719,  11.7660,  27.4553,  23.6475,  -4.5748,
          17.0859, -18.1690, -29.9516],
        [ 35.6279, -22.1606, -17.3211,   5.1167, -25.3146,  29.8330,  26.1415,
          24.3551, -28.3447,  29.9293, -20.3696,  33.2109, -26.7339, -39.0979,
         -23.7832,  28.5615,  23.5786, -29.1464, -36.8875, -24.8289, -21.4834,
         -17.5237, -37.2880, -20.1598,  18.4315,  27.3491,  34.3275, -18.0850,
          19.1788, -20.7356, -31.5005],
        [ 23.4988, -10.1132,  -4.1074,   1.8084, -17.8138,  22.6756,  12.9707,
          10.7730, -20.3971,  14.9948, -15.6404,  17.0621, -19.5128, -27.9899,
         -11.9577,  14.6665,   9.7123, -14.1445, -27.4154, -17.9143, -14.7326,
         -14.3671, -24.6479, -17.1794,  11.0569,  21.2968,  21.5048,  -7.3993,
          13.9373, -14.8645, -23.6649],
        [ 29.4036, -15.5145,  -9.8155,   3.2223, -21.4904,  26.3688,  19.0125,
          16.9333, -24.4959,  21.8424, -18.0544,  24.5344, -23.1892, -33.6079,
         -17.3704,  20.9679,  15.9713, -20.9818, -32.2601, -21.2518, -18.0812,
         -16.1486, -30.8628, -18.9064,  14.5585,  24.4914,  27.5876, -12.0525,
          16.6883, -17.7529, -27.6736],
        [ 28.2886,  -8.7417,   0.5850,   0.8304, -22.3890,  29.7130,  12.6402,
           9.0995, -25.7964,  14.5979, -20.7231,  17.0328, -24.9172, -35.2682,
         -11.8796,  14.7766,   7.6188, -13.4647, -35.2188, -22.6137, -18.2511,
         -19.4110, -29.8737, -23.6944,  12.6701,  28.0290,  25.1576,  -5.8288,
          17.7885, -18.8516, -30.9458]],
       device='cuda:0', grad_fn=<ThAddmmBackward>)


