Discriminator error: tensor(55.2620, device='cuda:0', grad_fn=<ThAddBackward>)
Generator error: tensor(0., device='cuda:0', grad_fn=<BinaryCrossEntropyBackward>)
Points: tensor([[ 56.2740, -24.1983,  -9.9023,   4.2390, -42.5907,  54.0488,  31.3549,
          25.9605, -48.7998,  36.0060, -37.5087,  41.1434, -46.5440, -66.8711,
         -28.8698,  35.2863,  23.5518, -34.2750, -65.3242, -42.5616, -35.3475,
         -34.0640, -59.2844, -40.9251,  26.6478,  50.5175,  51.4997, -18.1106,
          33.0465, -35.3671, -56.4015],
        [ 15.2193,  -6.6662,  -2.8783,   1.1984, -11.4854,  14.6179,   8.5224,
           7.1004, -13.1472,   9.8483, -10.0902,  11.2931, -12.5560, -17.9707,
          -7.9489,   9.6999,   6.6026,  -9.4501, -17.6088, -11.4326,  -9.4850,
          -9.1558, -16.0230, -10.9586,   7.1612,  13.6781,  13.9460,  -4.9745,
           8.9980,  -9.5482, -15.1900],
        [ 54.0322, -22.4044,  -8.0511,   3.6181, -41.1868,  52.5468,  29.2075,
          23.9282, -47.0050,  33.6590, -36.5239,  38.5578, -45.1044, -64.6038,
         -27.1236,  33.1234,  21.6332, -31.9018, -63.4121, -41.1273, -34.0215,
         -33.3484, -56.8387, -40.1497,  25.3524,  49.2433,  49.2301, -16.5613,
          31.9230, -34.2186, -54.9651],
        [ 37.5294, -20.5859, -13.7797,   4.3608, -27.1640,  33.0933,  24.9465,
          22.5463, -30.9019,  28.6828, -22.7384,  32.1453, -29.2087, -42.5757,
         -22.7323,  27.5111,  21.3551, -27.6551, -40.6982, -27.0050, -22.9706,
         -20.1086, -39.3160, -23.4339,  18.7109,  30.6339,  35.4678, -16.2224,
          20.8676, -22.4845, -34.8338],
        [ 44.8850, -27.6312, -21.1112,   6.3046, -32.0047,  37.8400,  32.6062,
          30.2426, -36.0117,  37.3137, -25.8197,  41.5964, -34.0334, -49.5227,
         -29.7733,  35.7259,  29.1195, -36.3298, -46.7597, -31.1988, -27.2039,
         -22.4118, -47.0014, -25.7990,  23.2010,  34.8401,  43.1966, -22.3063,
          24.3695, -26.2540, -39.8917]],
       device='cuda:0', grad_fn=<ThAddmmBackward>)


