Discriminator error: tensor(55.2620, device='cuda:0', grad_fn=<ThAddBackward>)
Generator error: tensor(0., device='cuda:0', grad_fn=<BinaryCrossEntropyBackward>)
Points: tensor([[ 53.0445, -32.7915, -25.0231,   7.3527, -37.7360,  44.4137,  38.4205,
          35.7970, -42.2603,  44.0848, -30.3916,  49.0422, -39.9207, -58.2911,
         -35.1763,  42.1215,  34.4756, -42.9579, -55.0458, -36.8068, -32.0664,
         -26.3363, -55.4691, -30.2531,  27.2945,  40.9584,  50.9290, -26.3845,
          28.5555, -30.8980, -47.0746],
        [ 32.2391, -18.0881, -12.3843,   3.8292, -23.1996,  28.2367,  21.7812,
          19.7638, -26.4103,  24.9553, -19.3870,  27.9783, -25.0454, -36.4323,
         -19.9129,  24.0027,  18.8048, -24.2366, -34.7246, -22.9645, -19.6735,
         -17.1268, -33.7976, -19.8502,  16.1711,  26.1289,  30.5760, -14.3731,
          17.8605, -19.1818, -29.6794],
        [ 34.2433,  -6.0136,   8.6126,  -0.6070, -28.6028,  39.2674,  11.0124,
           5.7269, -33.2805,  12.6861, -27.6066,  15.5786, -32.2855, -45.0594,
         -10.5322,  13.7177,   3.2509, -11.0344, -46.1277, -29.0220, -22.8746,
         -26.5172, -36.5112, -33.1552,  14.2124,  37.6634,  29.6235,  -2.4782,
          22.9159, -24.2324, -40.5019],
        [ 50.2608, -27.3234, -17.9230,   5.7717, -36.5527,  44.5435,  33.1724,
          29.7693, -41.5407,  38.0738, -30.6476,  42.7037, -39.2740, -57.2099,
         -30.1627,  36.6088,  28.2110, -36.6758, -54.7567, -36.1367, -30.8443,
         -27.0016, -52.8174, -31.6579,  25.0310,  41.2342,  47.3541, -21.4132,
          27.9856, -30.1814, -46.9116],
        [ 35.6996,  -7.3671,   6.9096,  -0.2212, -29.4486,  40.1852,  12.5588,
           7.3679, -34.2164,  14.4950, -28.2313,  17.5687, -33.1584, -46.4155,
         -12.0219,  15.4029,   4.9692, -12.8461, -47.2620, -29.9444, -23.6802,
         -26.9121, -38.0169, -33.4639,  15.1958,  38.3686,  31.1524,  -3.8118,
          23.5875, -24.9202, -41.4033]],
       device='cuda:0', grad_fn=<ThAddmmBackward>)


