Discriminator error: tensor(55.2620, device='cuda:0', grad_fn=<ThAddBackward>)
Generator error: tensor(0., device='cuda:0', grad_fn=<BinaryCrossEntropyBackward>)
Points: tensor([[ 34.4744, -11.0664,   0.0670,   1.2424, -27.2043,  35.8369,  15.7516,
          11.6678, -31.3815,  18.2318, -24.9200,  21.2707, -30.2251, -42.8494,
         -14.7243,  18.3923,   9.7711, -16.8852, -42.7267, -27.4230, -22.1341,
         -23.2580, -36.4683, -28.4661,  15.5635,  33.8892,  30.8213,  -7.5363,
          21.5743, -22.8577, -37.1665],
        [ 39.3976, -16.1583,  -5.5170,   2.6683, -30.0806,  38.7211,  21.1246,
          17.2879, -34.6966,  24.3011, -26.7888,  27.9708, -33.1500, -47.5440,
         -19.4421,  24.1223,  15.4548, -23.0187, -46.5536, -30.1709, -24.8911,
         -24.4840, -41.6474, -29.5103,  18.5442,  36.2412,  36.0370, -11.8883,
          23.6981, -25.1095, -40.1387],
        [ 38.9976,  -8.5982,   6.5761,  -0.0738, -31.9117,  43.3447,  14.2206,
           8.5809, -36.9507,  16.3807, -30.4338,  19.7191, -35.8565, -50.1595,
         -13.5759,  17.2903,   5.9581, -14.6619, -50.9773, -32.4236, -25.6207,
         -28.9496, -41.3511, -36.0290,  16.6835,  41.2906,  34.0780,  -4.8249,
          25.5219, -26.9766, -44.8132],
        [ 23.9909,  -6.4228,   1.9543,   0.3853, -19.1824,  25.6929,   9.8976,
           6.7718, -22.1846,  11.3821, -17.9918,  13.5210, -21.4905, -30.2328,
          -9.3247,  11.7103,   5.3262, -10.4440, -30.4437, -19.3977, -15.4973,
         -16.9833, -25.3866, -20.8414,  10.5392,  24.3737,  21.1362,  -4.1450,
          15.2840, -16.1624, -26.6497],
        [ 42.1791, -14.1540,  -0.8152,   1.6388, -32.9768,  43.2958,  19.8560,
          14.8982, -37.9854,  22.7675, -30.2249,  26.5910, -36.6361, -51.9775,
         -18.4359,  22.9156,  12.7060, -21.2993, -51.7212, -33.2589, -26.9778,
         -28.1265, -44.4910, -34.2261,  19.1007,  40.7758,  37.7479,  -9.7684,
          25.9286, -27.6878, -45.1745]],
       device='cuda:0', grad_fn=<ThAddmmBackward>)


