Discriminator error: tensor(55.2620, device='cuda:0', grad_fn=<ThAddBackward>)
Generator error: tensor(0., device='cuda:0', grad_fn=<BinaryCrossEntropyBackward>)
Points: tensor([[ 31.5494, -10.6949,  -0.6951,   1.2867, -24.6478,  32.4022,  14.9154,
          11.1368, -28.3980,  17.0699, -22.6174,  19.8367, -27.2777, -38.7938,
         -13.8146,  17.1847,   9.5368, -16.0088, -38.6968, -24.9449, -20.1231,
         -20.9945, -33.1925, -25.6683,  14.2957,  30.5187,  28.2947,  -7.4011,
          19.3769, -20.7382, -33.7096],
        [ 19.1019,  -0.7408,   9.0335,  -1.1900, -16.8085,  23.7047,   3.7754,
           0.2401, -19.6224,   4.3653, -16.8407,   5.8229, -19.1896, -26.2331,
          -3.9425,   5.2860,  -1.5742,  -3.2970, -27.4929, -17.1047, -13.1020,
         -16.5763, -20.4589, -20.9942,   7.3998,  23.1445,  15.9187,   1.0129,
          13.7278, -14.2589, -24.2339],
        [ 44.2797, -32.3079, -28.5786,   8.2753, -30.7623,  34.3250,  36.6376,
          35.5622, -33.7193,  41.9416, -23.3883,  46.1610, -31.7985, -46.4522,
         -33.7267,  39.9921,  35.1634, -41.3557, -42.8319, -29.3231, -26.3705,
         -19.3013, -46.3392, -21.6689,  24.1728,  31.3583,  44.0227, -27.1112,
          22.9032, -24.5977, -36.4326],
        [ 23.6092, -11.0162,  -5.5022,   2.0465, -17.6784,  22.2282,  13.8299,
          11.7854, -20.1199,  15.9801, -15.2463,  18.1326, -19.2694, -27.5866,
         -12.8825,  15.5254,  10.9833, -15.2894, -26.8225, -17.5677, -14.6998,
         -13.8259, -24.8125, -16.5432,  11.2713,  20.7987,  21.8416,  -8.4053,
          13.8443, -14.5981, -23.1463],
        [ 27.9748, -13.4066,  -7.0975,   2.5369, -20.8409,  25.9494,  16.7435,
          14.5148, -23.7158,  19.3426, -17.8800,  21.8940, -22.5375, -32.6047,
         -15.4622,  18.6987,  13.4414, -18.4625, -31.5990, -20.7488, -17.3370,
         -16.0909, -29.3112, -19.1894,  13.5215,  24.2379,  25.9389, -10.2878,
          16.1750, -17.3008, -27.2214]],
       device='cuda:0', grad_fn=<ThAddmmBackward>)


