Discriminator error: tensor(55.2620, device='cuda:0', grad_fn=<ThAddBackward>)
Generator error: tensor(0., device='cuda:0', grad_fn=<BinaryCrossEntropyBackward>)
Points: tensor([[ 40.2133, -22.1948, -14.8434,   4.6955, -29.1850,  35.4100,  26.7230,
          24.0698, -33.0120,  30.8011, -24.3828,  34.4988, -31.2841, -45.5154,
         -24.4728,  29.6476,  22.8030, -29.7192, -43.4958, -28.8315, -24.5291,
         -21.4864, -42.1395, -25.2080,  20.1912,  32.7545,  37.9437, -17.6066,
          22.3437, -24.0134, -37.3298],
        [ 47.2903, -27.4334, -19.4855,   6.0613, -34.1266,  40.9402,  32.7500,
          29.7133, -38.5516,  37.4873, -28.0441,  41.9916, -36.3890, -53.0683,
         -29.8375,  36.0751,  28.4094, -36.3334, -50.4203, -33.5035, -28.7424,
         -24.6261, -49.6144, -28.6651,  24.1562,  37.7712,  44.9518, -21.8941,
          26.0936, -28.1228, -43.1946],
        [ 36.1031, -13.4819,  -3.0492,   1.9386, -27.8597,  36.1906,  18.2627,
          14.3897, -32.1259,  20.8933, -25.2207,  24.2075, -30.7365, -43.9629,
         -16.7878,  20.8462,  12.5588, -19.7412, -43.5041, -28.0816, -22.9196,
         -23.1015, -38.1475, -28.2103,  16.5920,  34.0174,  32.7040,  -9.6619,
          21.8217, -23.3343, -37.4660],
        [ 42.7986, -19.3422,  -9.0802,   3.5609, -32.1620,  40.4629,  24.7263,
          20.7831, -36.7846,  28.3892, -28.0368,  32.2684, -35.0462, -50.4288,
         -22.8226,  27.6067,  19.0680, -27.1184, -49.1586, -32.0047, -26.7431,
         -25.4000, -45.0772, -30.3492,  20.5331,  37.7254,  39.3560, -14.5874,
          24.9536, -26.5993, -42.2782],
        [ 31.8933, -12.4979,  -3.6819,   1.9033, -24.4857,  31.4557,  16.5554,
          13.3595, -28.0919,  19.2061, -21.7863,  21.9598, -26.8858, -38.4142,
         -15.3996,  18.8954,  11.9357, -18.0638, -37.9396, -24.5807, -20.1302,
         -20.0549, -33.6200, -24.2559,  14.8084,  29.6220,  28.8967,  -9.1340,
          19.1183, -20.3627, -32.6931]],
       device='cuda:0', grad_fn=<ThAddmmBackward>)


