Discriminator error: tensor(55.2620, device='cuda:0', grad_fn=<ThAddBackward>)
Generator error: tensor(0., device='cuda:0', grad_fn=<BinaryCrossEntropyBackward>)
Points: tensor([[ 34.9501, -14.5009,  -5.1819,   2.3741, -26.5408,  33.9554,  18.8874,
          15.4580, -30.3282,  21.6795, -23.5717,  24.9582, -29.1188, -41.7315,
         -17.4578,  21.4101,  13.9908, -20.6548, -40.9098, -26.6049, -21.9249,
         -21.5048, -36.6829, -25.9530,  16.3205,  31.7858,  31.8202, -10.7255,
          20.6410, -22.1404, -35.4891],
        [ 48.8794, -21.9102,  -9.9917,   3.9840, -36.7280,  46.3377,  28.1765,
          23.6533, -41.9803,  32.2555, -32.1759,  36.7453, -39.9143, -57.6490,
         -25.7416,  31.5367,  21.7714, -30.7126, -56.1658, -36.5963, -30.4597,
         -28.9790, -51.3964, -34.6796,  23.4055,  43.1661,  44.9672, -16.6356,
          28.5318, -30.4256, -48.4786],
        [ 41.5714, -16.4102,  -4.8816,   2.6199, -31.8112,  40.9931,  21.9130,
          17.5473, -36.5804,  24.9946, -28.5473,  28.8161, -35.0079, -50.1035,
         -20.1765,  24.7975,  15.6417, -23.7932, -49.3888, -31.9586, -26.2350,
         -26.0159, -43.8800, -31.5373,  19.3860,  38.3838,  37.7491, -12.1756,
          24.9016, -26.4708, -42.6288],
        [ 43.3813, -21.0104, -11.4068,   4.0493, -32.2363,  40.1548,  26.3027,
          22.7275, -36.6728,  30.1922, -27.7632,  34.2258, -34.8415, -50.5653,
         -24.0331,  29.3637,  21.2328, -28.9305, -48.8435, -31.9748, -26.8887,
         -24.8621, -45.5508, -29.5371,  21.1047,  37.3376,  40.2921, -16.1514,
          24.9062, -26.6779, -42.0671],
        [ 52.4584, -31.9332, -24.2576,   7.2891, -37.3599,  44.4764,  37.7609,
          34.8685, -42.3004,  43.1994, -30.3988,  48.1615, -39.8281, -58.1350,
         -34.2087,  41.4344,  33.5196, -42.0572, -54.9631, -36.6609, -31.8389,
         -26.2597, -55.0625, -30.4094,  27.0746,  40.8425,  50.3900, -25.7994,
          28.5203, -30.8204, -46.8671]],
       device='cuda:0', grad_fn=<ThAddmmBackward>)


