Discriminator error: tensor(49.7358, device='cuda:0', grad_fn=<ThAddBackward>)
Generator error: tensor(0., device='cuda:0', grad_fn=<BinaryCrossEntropyBackward>)
Points: tensor([[ 26.4829, -13.9328,  -8.7836,   2.9447, -19.3848,  23.8716,  17.0565,
          15.0773, -22.0747,  19.6107, -16.4346,  22.0654, -20.8993, -30.4025,
         -15.6164,  18.9892,  14.3482, -18.9284, -29.1637, -19.2533, -16.2496,
         -14.4845, -27.8575, -17.1660,  13.1695,  22.0807,  24.8983, -10.9910,
          15.0965, -15.9510, -24.9203],
        [ 34.4566, -11.9968,  -1.4755,   1.5277, -26.7763,  34.8791,  16.6858,
          12.8349, -30.8797,  19.2174, -24.5032,  22.2726, -29.6014, -42.1560,
         -15.4870,  19.1673,  10.9984, -17.9109, -41.9264, -27.0091, -21.9250,
         -22.4855, -36.3594, -27.4979,  15.6808,  32.9812,  30.9403,  -8.5473,
          20.9951, -22.2571, -36.2521],
        [ 27.0554,  -9.9376,  -1.9152,   1.4340, -20.9953,  27.3376,  13.5708,
          10.4610, -24.1560,  15.4077, -18.9854,  17.9492, -23.1533, -32.9976,
         -12.4606,  15.5094,   9.2476, -14.5916, -32.7123, -20.9692, -17.1837,
         -17.4377, -28.6144, -21.2747,  12.4526,  25.6747,  24.4152,  -7.1387,
          16.6352, -17.5754, -28.3148],
        [ 36.4993, -10.8989,   1.5085,   0.9527, -28.9953,  38.5280,  16.0134,
          11.4040, -33.5490,  18.3720, -26.9131,  21.4952, -32.3080, -45.6855,
         -14.9409,  18.6673,   9.3753, -16.9009, -45.8299, -29.3213, -23.6042,
         -25.2378, -38.6494, -30.9124,  16.1596,  36.5234,  32.4737,  -7.1608,
          22.9242, -24.3326, -40.0048],
        [ 39.5376, -13.4698,  -1.2519,   1.7011, -30.9578,  40.6532,  18.8239,
          14.1855, -35.6526,  21.5551, -28.2565,  25.1764, -34.2208, -48.6691,
         -17.5622,  21.7853,  12.2246, -20.2003, -48.4131, -31.1648, -25.2633,
         -26.2326, -41.7146, -32.0168,  18.0176,  38.2302,  35.4510,  -9.4156,
          24.5042, -25.9016, -42.1598]],
       device='cuda:0', grad_fn=<ThAddmmBackward>)


