Discriminator error: tensor(55.2620, device='cuda:0', grad_fn=<ThAddBackward>)
Generator error: tensor(0., device='cuda:0', grad_fn=<BinaryCrossEntropyBackward>)
Points: tensor([[ 30.5472, -15.0613,  -8.4126,   3.0208, -22.7143,  28.2955,  18.6429,
          16.1556, -25.8570,  21.5281, -19.4243,  24.2993, -24.5856, -35.5858,
         -17.1894,  20.8691,  15.1121, -20.6007, -34.3190, -22.5602, -18.9586,
         -17.4791, -32.1666, -20.7134,  14.8863,  26.2461,  28.4988, -11.5222,
          17.7205, -18.7669, -29.5709],
        [ 68.9621, -38.8411, -26.7798,   8.3574, -49.8857,  60.2758,  46.9218,
          42.3816, -56.6189,  53.7013, -41.5016,  60.0688, -53.4113, -77.7742,
         -42.7141,  51.5521,  40.4060, -51.8569, -74.2256, -49.1176, -42.2786,
         -36.4554, -72.5133, -42.3910,  34.8584,  55.6379,  65.2878, -30.9015,
          38.1921, -40.9928, -63.5314],
        [ 32.2318, -15.9034,  -8.8146,   3.0643, -23.8360,  29.5995,  19.7674,
          17.1807, -27.1368,  22.6173, -20.4459,  25.6064, -25.7526, -37.4081,
         -18.0282,  21.9446,  16.0882, -21.7715, -36.1809, -23.6475, -19.9084,
         -18.2631, -33.7959, -21.7295,  15.6913,  27.5395,  29.9786, -12.2060,
          18.4431, -19.7381, -31.0114],
        [ 33.7005, -13.6497,  -4.3346,   2.2259, -25.9098,  33.2088,  17.9267,
          14.4385, -29.5532,  20.6078, -23.0676,  23.6779, -28.3898, -40.6439,
         -16.6740,  20.3565,  13.0441, -19.5085, -39.9108, -25.8645, -21.3036,
         -21.0978, -35.4930, -25.5549,  15.8314,  31.1320,  30.7165,  -9.9958,
          20.2611, -21.5594, -34.6167],
        [ 31.9947, -16.9690, -10.6144,   3.4237, -23.5207,  28.6616,  20.5854,
          18.3290, -26.5801,  23.8324, -19.7463,  26.6622, -25.2411, -36.7116,
         -18.9300,  22.8564,  17.4298, -22.8624, -35.1737, -23.2019, -19.7135,
         -17.5550, -33.6728, -20.5732,  15.8280,  26.6509,  30.0428, -13.2096,
          18.0305, -19.2834, -30.1624]],
       device='cuda:0', grad_fn=<ThAddmmBackward>)


