Discriminator error: tensor(55.2620, device='cuda:0', grad_fn=<ThAddBackward>)
Generator error: tensor(0., device='cuda:0', grad_fn=<BinaryCrossEntropyBackward>)
Points: tensor([[ 38.7097, -14.8295,  -3.7587,   2.2551, -29.7955,  38.6160,  19.9580,
          15.7006, -34.3826,  22.7561, -26.9191,  26.2355, -32.9045, -47.0458,
         -18.2756,  22.7375,  13.9022, -21.5558, -46.3447, -29.8888, -24.5723,
         -24.6114, -40.9668, -29.8548,  18.0203,  36.1433,  35.0694, -10.7128,
          23.4447, -24.9111, -40.2344],
        [ 31.2667, -16.5170, -10.4375,   3.3783, -22.8107,  27.9742,  20.2381,
          18.0105, -25.9356,  23.2437, -19.2738,  26.0756, -24.5090, -35.7503,
         -18.4870,  22.3877,  16.9821, -22.3511, -34.2446, -22.6816, -19.2218,
         -17.1003, -32.8132, -20.0450,  15.4870,  25.9021,  29.3248, -13.0560,
          17.6017, -18.8620, -29.4058],
        [ 46.3946, -19.9478,  -8.0434,   3.4901, -35.1375,  44.6691,  25.8227,
          21.3492, -40.1789,  29.7165, -30.9844,  33.8965, -38.3379, -55.1776,
         -23.9009,  29.1405,  19.4972, -28.3082, -53.8701, -35.0981, -29.0351,
         -28.1086, -48.7941, -33.8216,  22.0896,  41.7324,  42.4618, -14.9830,
          27.4173, -29.1651, -46.6562],
        [ 20.4621, -11.3381,  -7.5622,   2.4147, -14.8294,  18.0246,  13.7492,
          12.3808, -16.9699,  15.6567, -12.4039,  17.5265, -15.9075, -23.2452,
         -12.4012,  15.0896,  11.8274, -15.1354, -22.2931, -14.6097, -12.5566,
         -10.8740, -21.6189, -12.7268,  10.1916,  16.7544,  19.3623,  -8.9517,
          11.4627, -12.1734, -18.8917],
        [ 29.7027, -10.6552,  -1.8221,   1.3370, -23.0464,  30.1466,  14.5759,
          11.2136, -26.5109,  16.7660, -21.0191,  19.4000, -25.5978, -36.3371,
         -13.5481,  16.6968,   9.7769, -15.8286, -35.9845, -23.2703, -18.9213,
         -19.4087, -31.3206, -23.5035,  13.7198,  28.2391,  26.7339,  -7.6609,
          18.0813, -19.2951, -31.2958]],
       device='cuda:0', grad_fn=<ThAddmmBackward>)


