Discriminator error: tensor(49.7358, device='cuda:0', grad_fn=<ThAddBackward>)
Generator error: tensor(0., device='cuda:0', grad_fn=<BinaryCrossEntropyBackward>)
Points: tensor([[ 47.7392, -21.6758, -10.2386,   4.0525, -35.8310,  45.0102,  27.6435,
          23.3461, -40.8414,  31.6509, -31.2004,  36.1734, -38.9108, -56.1049,
         -25.2593,  31.0620,  21.4828, -30.3029, -54.6074, -35.6431, -29.6317,
         -28.1268, -50.0600, -33.6700,  22.8949,  41.9644,  43.8719, -16.3782,
          27.8087, -29.6924, -47.0657],
        [ 40.0855, -20.1116, -11.5440,   3.9534, -29.6535,  36.7833,  24.7988,
          21.5805, -33.7057,  28.5165, -25.3950,  32.2522, -32.0112, -46.4433,
         -22.7609,  27.7286,  20.3377, -27.4506, -44.8159, -29.4482, -24.7408,
         -22.6374, -42.1100, -26.8832,  19.6942,  34.1696,  37.3894, -15.6319,
          22.8119, -24.4891, -38.4476],
        [ 50.2746, -27.9204, -18.8520,   5.8933, -36.5538,  44.3730,  33.5905,
          30.2380, -41.4031,  38.6376, -30.4096,  43.4218, -39.2611, -57.0466,
         -30.8415,  37.2575,  28.8352, -37.4111, -54.3497, -36.0012, -30.8047,
         -26.8735, -52.8741, -31.2960,  25.3604,  41.0052,  47.5534, -22.0807,
          28.0056, -30.1358, -46.6809],
        [ 46.1569, -26.9438, -19.5144,   5.9315, -33.2071,  39.7209,  32.2443,
          29.3036, -37.5003,  36.9363, -27.3134,  41.2465, -35.3564, -51.5317,
         -29.4264,  35.5000,  28.2032, -35.8793, -48.8914, -32.4718, -28.1083,
         -23.8303, -48.4817, -27.6612,  23.6206,  36.4915,  43.9490, -21.7285,
          25.2986, -27.1970, -41.8691],
        [ 38.4731, -10.1395,   3.7263,   0.5473, -30.9845,  41.5121,  15.7129,
          10.5628, -35.8456,  17.9944, -29.1878,  21.3307, -34.6791, -48.8189,
         -14.7172,  18.5453,   8.2030, -16.3619, -49.2484, -31.3277, -25.0185,
         -27.4552, -40.8416, -33.8709,  16.9220,  39.5125,  33.8784,  -6.3719,
          24.5631, -26.0915, -42.9802]],
       device='cuda:0', grad_fn=<ThAddmmBackward>)


