Discriminator error: tensor(27.6310, device='cuda:0', grad_fn=<ThAddBackward>)
Generator error: tensor(27.6310, device='cuda:0', grad_fn=<BinaryCrossEntropyBackward>)
Points: tensor([[  4.8755,   3.9793,   8.0167,  11.2744,   9.0601,  -4.5539,   5.3289,
          -0.2585,   0.2871,   0.2713,  -5.0324,  11.6062,  -9.8902,   9.5240,
          -5.5981,  -1.6620,  -2.1940,  -5.1922,  -3.7659,   3.2714,   3.6095,
           3.6576,  -2.4440,   1.1740,  -1.0693,   1.1931,   5.9325,  -4.0318,
           2.6015,   0.7493,  -0.0111],
        [  6.6917,   5.8480,  11.4128,  15.2512,  13.0012,  -6.5713,   8.0642,
           0.0027,   0.1791,   0.1429,  -7.4163,  16.2078, -13.2771,  13.4902,
          -7.1864,  -2.7479,  -3.3281,  -7.6251,  -4.4444,   5.0211,   5.6329,
           5.0157,  -2.8969,   2.3623,  -1.1679,   2.0213,   8.1240,  -5.1257,
           2.9679,   1.6522,  -0.4881],
        [  3.0336,   3.7982,   5.8597,   6.3588,   7.1651,  -3.0892,   4.7971,
           0.4913,  -0.2012,  -0.5268,  -4.2438,   7.5489,  -4.7894,   6.3430,
          -2.0185,  -2.0446,  -2.1090,  -4.3187,  -0.8393,   3.4891,   3.8668,
           2.5697,  -0.4230,   2.1550,   0.6264,   1.8078,   2.9793,  -1.2519,
          -0.1822,   1.9188,  -1.2747],
        [  9.4021,   4.1417,  14.0694,  24.5040,  14.0475,  -8.9119,   6.8963,
          -1.9042,   1.9554,   2.1839,  -7.2973,  22.4552, -23.6061,  17.9841,
         -15.1962,  -0.8968,  -2.0021,  -7.9461, -11.1819,   2.6683,   3.1378,
           6.4000,  -7.5632,  -1.2642,  -5.8164,  -0.7407,  14.3813, -11.3850,
          10.0373,  -1.9810,   3.3400],
        [  5.2294,   3.1994,   8.2207,  13.1836,   8.7025,  -4.8428,   4.6308,
          -0.6767,   0.7930,   0.8441,  -4.6873,  12.6145, -12.1091,  10.2042,
          -7.4495,  -1.0882,  -1.6415,  -4.9785,  -5.3688,   2.3908,   2.6241,
           3.7279,  -3.5250,   0.1068,  -2.3332,   0.3276,   7.3401,  -5.5439,
           4.3709,  -0.3514,   1.0156]],
       device='cuda:0', grad_fn=<ThAddmmBackward>)


