Discriminator error: tensor(55.2620, device='cuda:0', grad_fn=<ThAddBackward>)
Generator error: tensor(0., device='cuda:0', grad_fn=<BinaryCrossEntropyBackward>)
Points: tensor([[ 33.1338, -11.4500,  -1.2407,   1.3764, -25.8693,  33.8735,  15.9109,
          12.0994, -29.8365,  18.3068, -23.5784,  21.3148, -28.5921, -40.7381,
         -14.8016,  18.3793,  10.4706, -17.0555, -40.5328, -26.0534, -21.1794,
         -21.8665, -35.0230, -26.6307,  15.1428,  31.8641,  29.7901,  -8.0476,
          20.3651, -21.7197, -35.2207],
        [ 47.5197, -20.7805,  -8.8949,   3.6975, -35.7692,  45.5861,  26.7252,
          22.3251, -41.0989,  30.6303, -31.6447,  35.0851, -39.0800, -56.4821,
         -24.5247,  30.1139,  20.2721, -29.2393, -55.0281, -35.8855, -29.7537,
         -28.5815, -49.9775, -34.2989,  22.7010,  42.4590,  43.6954, -15.6264,
          27.8651, -29.7957, -47.4329],
        [ 35.0134, -16.0711,  -7.7054,   2.9179, -26.0227,  32.8892,  20.4876,
          17.4216, -29.9507,  23.3232, -22.7868,  26.4582, -28.4209, -41.0881,
         -18.5718,  22.7179,  15.8900, -22.2506, -40.0623, -26.1154, -21.8064,
         -20.5568, -36.7175, -24.4683,  16.6906,  30.6662,  32.2401, -12.1329,
          20.2357, -21.7260, -34.4027],
        [ 57.4884, -40.7052, -35.3944,  10.2228, -39.9061,  45.0205,  46.6069,
          45.0565, -44.0592,  53.3639, -30.7800,  58.6733, -41.5859, -60.7695,
         -42.6363,  50.5550,  44.2303, -52.4204, -56.2779, -38.4700, -34.4495,
         -25.6260, -60.0160, -28.7163,  31.0323,  40.9775,  56.7435, -33.9487,
          29.9083, -32.1329, -47.9158],
        [ 23.6111,  -4.9910,   4.3366,  -0.0978, -19.3506,  26.3793,   8.5360,
           5.0526, -22.4496,   9.6648, -18.5896,  11.7067, -21.7641, -30.5217,
          -8.0519,  10.2257,   3.5216,  -8.6786, -31.1581, -19.6478, -15.6096,
         -17.6068, -25.0711, -21.9471,   9.9638,  25.1673,  20.6230,  -2.7506,
          15.4502, -16.3807, -27.2262]],
       device='cuda:0', grad_fn=<ThAddmmBackward>)


