Discriminator error: tensor(49.7358, device='cuda:0', grad_fn=<ThAddBackward>)
Generator error: tensor(0., device='cuda:0', grad_fn=<BinaryCrossEntropyBackward>)
Points: tensor([[ 33.2714, -23.2582, -20.0818,   5.8653, -23.1568,  26.2098,  26.6301,
          25.6068, -25.7061,  30.5906, -17.8331,  33.7129, -24.1960, -35.3019,
         -24.4302,  29.0693,  25.1354, -30.0152, -32.6745, -22.3086, -19.8679,
         -14.9640, -34.8261, -16.8458,  17.8645,  24.0298,  32.6884, -19.2618,
          17.3963, -18.6694, -27.8251],
        [ 35.2138, -12.3784,  -1.6963,   1.6208, -27.3839,  35.7974,  17.0952,
          13.1201, -31.4614,  19.6053, -25.0149,  23.0047, -30.3122, -43.1113,
         -15.8986,  19.9002,  11.4047, -18.5062, -42.7769, -27.5236, -22.3240,
         -23.0172, -37.0763, -28.1079,  16.0948,  33.6679,  31.6335,  -8.8108,
          21.5601, -22.8879, -37.1612],
        [ 28.9945, -11.8808,  -4.2176,   1.9789, -22.0546,  28.1839,  15.6788,
          12.7656, -25.3480,  18.0125, -19.5995,  20.6313, -24.1165, -34.7408,
         -14.3659,  17.7500,  11.5564, -17.0125, -34.0324, -22.1234, -18.1742,
         -17.8279, -30.5346, -21.4939,  13.5830,  26.3889,  26.4431,  -8.8757,
          17.2830, -18.3252, -29.3729],
        [ 29.8999, -11.8568,  -3.5760,   1.8969, -22.9485,  29.5078,  15.8015,
          12.6400, -26.4289,  18.1092, -20.5334,  20.8239, -25.2131, -36.1774,
         -14.5717,  17.8843,  11.3240, -17.1235, -35.6129, -22.9561, -18.9369,
         -18.7688, -31.6673, -22.7270,  13.9710,  27.6254,  27.2084,  -8.6386,
          17.9653, -19.1293, -30.6863],
        [ 40.7336, -21.0907, -12.7491,   4.2980, -29.9835,  36.7348,  25.9522,
          22.8060, -34.0171,  29.7929, -25.3762,  33.5951, -32.1956, -46.8369,
         -23.7574,  28.7848,  21.5499, -28.6519, -45.0546, -29.5894, -25.0719,
         -22.6025, -42.7837, -26.6335,  20.1831,  34.0993,  38.1216, -16.4076,
          23.1518, -24.7010, -38.7419]],
       device='cuda:0', grad_fn=<ThAddmmBackward>)


