Discriminator error: tensor(55.2620, device='cuda:0', grad_fn=<ThAddBackward>)
Generator error: tensor(0., device='cuda:0', grad_fn=<BinaryCrossEntropyBackward>)
Points: tensor([[ 23.1639, -10.4204,  -4.9008,   1.8966, -17.3396,  21.8604,  13.3257,
          11.2748, -19.8896,  15.3747, -15.1164,  17.4579, -18.8944, -27.2285,
         -12.2663,  14.9300,  10.3370, -14.6257, -26.5046, -17.3647, -14.4374,
         -13.7006, -24.3505, -16.3600,  11.0940,  20.4231,  21.3102,  -7.9376,
          13.5562, -14.4097, -22.8032],
        [ 30.1880, -14.0116,  -6.8572,   2.5358, -22.5345,  28.4086,  17.7308,
          15.0320, -25.7349,  20.3472, -19.6222,  23.1280, -24.5640, -35.4275,
         -16.2797,  19.7121,  13.9801, -19.5114, -34.4085, -22.5012, -18.7879,
         -17.7259, -31.6792, -21.0173,  14.5644,  26.3684,  27.8909, -10.6732,
          17.4802, -18.7746, -29.7562],
        [ 38.7291, -20.5109, -12.9614,   4.1581, -28.3415,  34.7007,  25.0166,
          22.2498, -32.1653,  28.8945, -23.9215,  32.3458, -30.5396, -44.2461,
         -22.9463,  27.7096,  21.1364, -27.7819, -42.4564, -27.9997, -23.8051,
         -21.2397, -40.6705, -24.9800,  19.1817,  32.1479,  36.3011, -16.1038,
          21.6842, -23.3327, -36.5808],
        [ 44.6954, -26.0309, -18.5876,   5.6158, -32.1300,  38.6625,  30.9867,
          28.3181, -36.3594,  35.4654, -26.4429,  39.6698, -34.4737, -50.0653,
         -28.2178,  34.1086,  27.0501, -34.4555, -47.6058, -31.5439, -27.2425,
         -23.1810, -46.8982, -26.8785,  22.6530,  35.6749,  42.5044, -20.7143,
          24.5492, -26.4456, -40.6602],
        [ 27.0728,  -9.4223,  -1.1188,   1.2310, -21.1196,  27.5306,  13.1304,
           9.9111, -24.2282,  15.0083, -19.2743,  17.3933, -23.2860, -33.2120,
         -12.0977,  15.0283,   8.6140, -14.1130, -33.0063, -21.2170, -17.1951,
         -17.7188, -28.5746, -21.7105,  12.3778,  25.8908,  24.3412,  -6.7092,
          16.6482, -17.5930, -28.6315]],
       device='cuda:0', grad_fn=<ThAddmmBackward>)


