Discriminator error: tensor(55.2620, device='cuda:0', grad_fn=<ThAddBackward>)
Generator error: tensor(0., device='cuda:0', grad_fn=<BinaryCrossEntropyBackward>)
Points: tensor([[ 42.8577, -27.4146, -21.8523,   6.4114, -30.3875,  35.4534,  32.0174,
          30.0414, -33.7988,  36.8154, -24.2245,  40.7388, -32.0080, -46.5906,
         -29.2837,  35.0683,  29.1773, -35.8888, -43.7982, -29.5622, -25.7732,
         -20.7548, -44.8116, -23.8202,  22.3850,  32.4866,  41.4632, -22.4925,
          22.8902, -24.6924, -37.5662],
        [ 37.7410, -20.3083, -13.0820,   4.1934, -27.4456,  33.5220,  24.5944,
          22.0931, -31.1674,  28.3687, -23.0679,  31.8129, -29.5256, -43.1334,
         -22.4919,  27.2881,  20.8487, -27.3401, -41.2782, -27.2711, -23.0639,
         -20.4352, -39.5526, -23.9386,  18.7535,  31.1301,  35.4771, -15.8976,
          21.0284, -22.7046, -35.3344],
        [ 16.2238,  -9.4276,  -6.7297,   2.0711, -11.7821,  14.1896,  11.1964,
          10.1885, -13.2020,  12.9341,  -9.6443,  14.3920, -12.5449, -18.1876,
         -10.2669,  12.4030,   9.8348, -12.4648, -17.3826, -11.5429,  -9.8497,
          -8.4566, -17.0769,  -9.8968,   8.2853,  13.0915,  15.4925,  -7.5400,
           9.0581,  -9.6303, -14.8250],
        [ 27.5091, -11.4786,  -4.3479,   1.9336, -20.9097,  26.7668,  15.0592,
          12.4022, -24.0439,  17.2193, -18.6423,  19.8641, -22.9547, -32.9840,
         -13.8318,  17.1129,  11.2415, -16.4384, -32.2730, -20.9827, -17.2547,
         -16.8969, -29.0702, -20.2965,  13.0723,  24.9711,  25.1695,  -8.6677,
          16.3996, -17.3807, -27.7313],
        [ 32.4665, -12.8217,  -3.7488,   1.9559, -24.9071,  32.0291,  17.0149,
          13.6275, -28.5513,  19.5882, -22.2860,  22.4512, -27.3843, -39.1719,
         -15.8398,  19.3355,  12.2196, -18.5063, -38.5411, -24.9705, -20.5446,
         -20.4339, -34.2342, -24.6914,  15.1569,  30.0594,  29.5121,  -9.3716,
          19.4983, -20.7286, -33.4024]],
       device='cuda:0', grad_fn=<ThAddmmBackward>)


