Discriminator error: tensor(55.2620, device='cuda:0', grad_fn=<ThAddBackward>)
Generator error: tensor(0., device='cuda:0', grad_fn=<BinaryCrossEntropyBackward>)
Points: tensor([[ 37.7377, -11.1498,   1.7315,   0.9933, -30.1616,  39.9604,  16.3560,
          11.6357, -34.8200,  18.7993, -27.9528,  22.1763, -33.5656, -47.4334,
         -15.3538,  19.1952,   9.4280, -17.2808, -47.5838, -30.3776, -24.3833,
         -26.2589, -40.0251, -32.1772,  16.8444,  37.9819,  33.5743,  -7.1478,
          23.7899, -25.3247, -41.4419],
        [ 44.1967, -21.9953, -12.6942,   4.3224, -32.6233,  40.2317,  27.3080,
          23.8452, -37.0715,  31.5443, -27.8582,  35.6012, -35.2235, -51.1541,
         -25.0880,  30.4700,  22.3945, -30.2772, -49.2031, -32.3399, -27.2371,
         -24.8028, -46.3678, -29.3827,  21.6576,  37.4173,  41.0985, -17.1025,
          25.0870, -26.9705, -42.3372],
        [ 26.5523, -17.6633, -14.5371,   4.2382, -18.5923,  21.4974,  20.4792,
          19.2935, -20.7427,  23.3732, -14.7777,  25.8279, -19.6435, -28.6331,
         -18.5729,  22.2553,  18.7897, -22.9314, -26.8214, -18.1373, -15.8870,
         -12.5145, -27.7121, -14.2687,  14.0821,  19.6544,  25.8253, -14.5489,
          13.9950, -15.2560, -22.8146],
        [ 29.1854, -15.1286,  -9.2058,   3.0823, -21.3577,  26.4388,  18.5759,
          16.3979, -24.5079,  21.3020, -18.1658,  23.8974, -23.1809, -33.5941,
         -16.7908,  20.5807,  15.3991, -20.4337, -32.3682, -21.2650, -18.0167,
         -16.1422, -30.7435, -19.0901,  14.3268,  24.5982,  27.3528, -11.7784,
          16.6119, -17.7354, -27.6064],
        [ 28.1555, -15.3544, -10.2959,   3.2976, -20.4111,  24.7591,  18.6342,
          16.9225, -23.2502,  21.5089, -17.0335,  24.0634, -21.8853, -31.9218,
         -16.9790,  20.6171,  15.9672, -20.6641, -30.5187, -20.2171, -17.2053,
         -15.0211, -29.4975, -17.5841,  14.0623,  22.9991,  26.5646, -12.1759,
          15.6773, -16.7712, -25.9638]],
       device='cuda:0', grad_fn=<ThAddmmBackward>)


