Discriminator error: tensor(55.2620, device='cuda:0', grad_fn=<ThAddBackward>)
Generator error: tensor(0., device='cuda:0', grad_fn=<BinaryCrossEntropyBackward>)
Points: tensor([[ 27.2950, -18.2920, -15.3829,   4.5046, -19.1426,  21.9744,  21.2136,
          20.0469, -21.2693,  24.2822, -15.0224,  26.8527, -20.1323, -29.2017,
         -19.3593,  23.1430,  19.6391, -23.8050, -27.2883, -18.5185, -16.2864,
         -12.6727, -28.4724, -14.4614,  14.5769,  20.0491,  26.5991, -15.2202,
          14.4346, -15.5420, -23.3050],
        [ 33.4297, -15.5405,  -7.6852,   2.8528, -24.9109,  31.4189,  19.5930,
          16.6818, -28.3984,  22.4514, -21.7031,  25.6042, -27.1541, -39.1572,
         -18.0495,  21.9344,  15.4615, -21.6402, -38.0093, -24.8347, -20.7696,
         -19.5240, -35.0041, -23.3835,  15.9566,  29.2967,  30.8644, -11.8663,
          19.3674, -20.7298, -32.7296],
        [ 29.2655, -15.0580,  -9.3060,   3.2327, -21.5628,  26.4821,  18.6595,
          16.4424, -24.5607,  21.5294, -18.2912,  24.1074, -23.2499, -33.6687,
         -17.0551,  20.7193,  15.4642, -20.5086, -32.3357, -21.3570, -18.0276,
         -16.2852, -30.8166, -19.1056,  14.5245,  24.5613,  27.4042, -11.7269,
          16.6175, -17.7389, -27.7143],
        [ 53.7464, -30.4215, -21.2386,   6.6699, -38.8316,  46.9556,  36.6066,
          33.2658, -43.9225,  42.0591, -32.1735,  47.2077, -41.5777, -60.5301,
         -33.4498,  40.4625,  31.6011, -40.7026, -57.5937, -38.2828, -32.6934,
         -28.2903, -56.3968, -32.9619,  27.2658,  43.3259,  50.9914, -24.2158,
          29.6765, -31.9780, -49.4245],
        [ 56.3786, -29.0007, -17.2912,   5.8326, -41.3979,  50.8855,  35.6881,
          31.3916, -47.0433,  40.8811, -35.1993,  46.1866, -44.6180, -64.7649,
         -32.6438,  39.4649,  29.5086, -39.4062, -62.2999, -40.9271, -34.7596,
         -31.2748, -59.1522, -36.9217,  27.6850,  47.2881,  52.6263, -22.4649,
          31.7220, -34.1874, -53.6070]],
       device='cuda:0', grad_fn=<ThAddmmBackward>)


