Discriminator error: tensor(49.7358, device='cuda:0', grad_fn=<ThAddBackward>)
Generator error: tensor(0., device='cuda:0', grad_fn=<BinaryCrossEntropyBackward>)
Points: tensor([[ 56.6188, -29.8877, -18.6256,   6.1217, -41.5959,  50.9151,  36.3771,
          32.2952, -47.0931,  41.9283, -35.0197,  47.1840, -44.7816, -64.8425,
         -33.4250,  40.5217,  30.5614, -40.2958, -62.2751, -40.9716, -34.9491,
         -31.1596, -59.5324, -36.6139,  28.0080,  47.2593,  53.1862, -23.3118,
          31.9125, -34.2589, -53.5613],
        [ 34.7313, -15.9157,  -7.6964,   3.0194, -26.1963,  32.6881,  20.2445,
          17.1135, -29.7417,  23.2609, -22.7374,  26.4985, -28.3172, -40.8399,
         -18.7352,  22.7225,  15.7831, -22.1956, -39.7164, -25.9451, -21.6046,
         -20.4860, -36.5217, -24.5325,  16.7298,  30.5581,  32.0072, -12.0807,
          20.2353, -21.5308, -34.1785],
        [ 34.4775, -18.0084, -11.3239,   3.7035, -25.1729,  30.8125,  22.1847,
          19.6127, -28.5601,  25.4770, -21.2950,  28.6772, -27.0779, -39.3617,
         -20.2017,  24.4996,  18.5192, -24.5635, -37.8408, -25.0308, -21.0926,
         -18.8442, -36.1147, -22.2273,  17.0301,  28.5713,  32.2536, -14.1781,
          19.4117, -20.7793, -32.4930],
        [ 34.0531, -14.9696,  -6.4685,   2.6131, -25.5167,  32.4873,  19.3062,
          16.1028, -29.3330,  21.9885, -22.5231,  25.0618, -27.9532, -40.2268,
         -17.6204,  21.5503,  14.7103, -21.0648, -39.3888, -25.6393, -21.2852,
         -20.3543, -35.7828, -24.4645,  16.1439,  30.3078,  31.1722, -11.3769,
          19.8433, -21.3084, -33.8304],
        [ 31.7969, -16.0827,  -9.4221,   3.1697, -23.4764,  29.0141,  19.9000,
          17.4644, -26.8029,  22.8570, -19.9616,  25.8458, -25.3136, -36.8760,
         -18.2109,  22.2311,  16.5090, -21.9446, -35.4498, -23.2510, -19.6610,
         -17.8786, -33.5042, -21.0241,  15.6081,  26.9914,  29.7374, -12.4802,
          18.1645, -19.4063, -30.3475]],
       device='cuda:0', grad_fn=<ThAddmmBackward>)


