Discriminator error: tensor(55.2620, device='cuda:0', grad_fn=<ThAddBackward>)
Generator error: tensor(0., device='cuda:0', grad_fn=<BinaryCrossEntropyBackward>)
Points: tensor([[ 24.8661,  -4.6364,   5.7211,  -0.3112, -20.8045,  28.2849,   8.2488,
           4.3970, -24.0702,   9.5430, -19.9590,  11.5443, -23.3582, -32.5735,
          -7.9365,  10.2220,   2.6743,  -8.2856, -33.3908, -21.0666, -16.5475,
         -19.1367, -26.5093, -23.9196,  10.4086,  27.2189,  21.5952,  -2.0255,
          16.6507, -17.5215, -29.2008],
        [ 21.9307, -12.6300,  -8.9080,   2.6905, -15.8629,  19.0134,  15.0021,
          13.6870, -17.9311,  17.3786, -13.1058,  19.2255, -16.9230, -24.6714,
         -13.8902,  16.5386,  13.1796, -16.7823, -23.4641, -15.5674, -13.4020,
         -11.4377, -23.1215, -13.3079,  11.0361,  17.6714,  20.8343, -10.0552,
          12.1517, -12.8851, -20.0770],
        [ 27.1624, -15.8450, -11.5435,   3.5352, -19.6006,  23.3735,  18.9537,
          17.3269, -22.1024,  21.7637, -16.1083,  24.3066, -20.8390, -30.3841,
         -17.3633,  20.9319,  16.6602, -21.0966, -28.7618, -19.1782, -16.5026,
         -14.0335, -28.5061, -16.2493,  13.9035,  21.6031,  25.8796, -12.7123,
          14.9569, -16.0311, -24.6772],
        [ 46.7248, -20.4902,  -8.8260,   3.7076, -35.1314,  44.5599,  26.3582,
          22.1662, -40.2681,  30.3359, -30.9763,  34.6035, -38.3653, -55.3240,
         -24.2144,  29.6494,  20.0552, -28.8551, -53.9683, -35.2749, -29.1298,
         -27.9625, -49.0304, -33.6982,  22.2706,  41.6574,  42.8431, -15.5477,
          27.2411, -29.2445, -46.5524],
        [ 45.5384, -13.2039,   2.5211,   0.9434, -36.2639,  48.3085,  19.5389,
          13.7968, -41.9519,  22.3624, -33.8546,  26.4770, -40.4589, -57.2284,
         -18.2276,  22.8889,  11.1385, -20.6767, -57.4722, -36.7529, -29.5101,
         -31.6739, -48.2337, -38.9188,  20.1348,  45.7466,  40.3854,  -8.5795,
          28.5172, -30.5948, -50.1023]],
       device='cuda:0', grad_fn=<ThAddmmBackward>)


