Discriminator error: tensor(55.2620, device='cuda:0', grad_fn=<ThAddBackward>)
Generator error: tensor(0., device='cuda:0', grad_fn=<BinaryCrossEntropyBackward>)
Points: tensor([[ 32.7340, -15.3562,  -7.7925,   2.8539, -24.4391,  30.6404,  19.3740,
          16.4558, -27.9362,  22.1906, -21.1692,  25.1908, -26.5472, -38.3594,
         -17.7556,  21.5149,  15.2826, -21.2395, -37.2174, -24.3597, -20.4606,
         -19.1474, -34.3898, -22.6644,  15.7314,  28.4797,  30.3006, -11.6413,
          18.9913, -20.3536, -32.1189],
        [ 24.3361, -10.3090,  -4.1999,   1.8055, -18.3861,  23.5998,  13.4302,
          11.1239, -21.0283,  15.4393, -16.3044,  17.8515, -20.1613, -28.8980,
         -12.5019,  15.2779,  10.2313, -14.8660, -28.2235, -18.3943, -15.2254,
         -14.7404, -25.5404, -17.7751,  11.5111,  21.8732,  22.3229,  -7.9229,
          14.3979, -15.2752, -24.5177],
        [ 61.6191, -22.6311,  -4.4979,   3.1467, -47.7355,  62.1623,  30.7237,
          23.9028, -54.8915,  35.2860, -43.3144,  40.9063, -52.7502, -75.1845,
         -28.5223,  35.1844,  20.9286, -33.2968, -74.3604, -47.9668, -39.2181,
         -39.8390, -65.0555, -48.5439,  28.4644,  58.3360,  55.5654, -16.0949,
          37.4206, -40.0115, -64.7432],
        [ 38.2891, -14.5477,  -3.4463,   2.1057, -29.4965,  38.2392,  19.5200,
          15.4197, -33.9743,  22.3199, -26.5855,  25.8604, -32.5351, -46.4815,
         -17.8453,  22.2473,  13.5820, -21.1162, -45.9923, -29.6101, -24.1911,
         -24.3994, -40.3908, -29.6427,  17.7048,  35.8827,  34.6042, -10.4333,
          23.1321, -24.6740, -39.7376],
        [ 26.5980,  -4.0174,   7.6323,  -0.6720, -22.4584,  30.9042,   8.0129,
           3.7552, -25.9763,   9.2964, -21.7577,  11.4114, -25.3101, -35.1616,
          -7.8368,  10.1500,   1.7405,  -7.8204, -36.2155, -22.7319, -17.7722,
         -21.0185, -28.2458, -26.3915,  10.9649,  29.7349,  22.7818,  -1.3646,
          18.1126, -19.0132, -31.9272]],
       device='cuda:0', grad_fn=<ThAddmmBackward>)


