Discriminator error: tensor(27.6310, device='cuda:0', grad_fn=<ThAddBackward>)
Generator error: tensor(0., device='cuda:0', grad_fn=<BinaryCrossEntropyBackward>)
Points: tensor([[ 38.2124, -21.0869, -14.1016,   4.4635, -27.7204,  33.5778,  25.5178,
          23.0180, -31.4136,  29.2146, -23.0226,  32.8426, -29.6811, -43.0854,
         -23.1757,  28.0925,  21.8575, -28.2588, -41.2980, -27.2501, -23.3195,
         -20.3130, -40.0733, -23.7682,  19.0525,  31.1081,  35.9947, -16.6290,
          21.1419, -22.7702, -35.2795],
        [ 41.2394, -21.6835, -13.4838,   4.4369, -30.2997,  37.1076,  26.3850,
          23.4353, -34.3252,  30.4989, -25.5329,  34.3963, -32.5058, -47.2900,
         -24.2270,  29.5513,  22.1845, -29.3543, -45.2658, -29.9299, -25.2263,
         -22.6641, -43.3614, -26.6452,  20.5378,  34.3728,  38.6344, -17.0315,
          23.3025, -24.8746, -38.8516],
        [ 42.7012, -24.8189, -17.8562,   5.3599, -30.7123,  36.8257,  29.5954,
          27.0847, -34.7102,  34.0126, -25.2691,  38.0331, -32.7962, -47.6612,
         -27.1365,  32.6113,  25.9416, -33.0025, -45.3020, -30.1189, -26.0393,
         -21.9719, -44.8653, -25.6353,  21.6771,  34.0270,  40.6329, -19.8968,
          23.3959, -25.1462, -38.6916],
        [ 36.4249, -16.5414,  -7.7069,   2.9791, -27.4328,  34.7103,  20.9023,
          17.6292, -31.2664,  24.1106, -23.9100,  27.5512, -29.8042, -43.0138,
         -19.4244,  23.6914,  16.3465, -23.0897, -41.8087, -27.2557, -22.7761,
         -21.6287, -38.3365, -25.9843,  17.3766,  32.3205,  33.5950, -12.4781,
          21.3044, -22.7645, -36.1585],
        [ 41.5996, -24.1348, -17.3435,   5.3406, -29.9258,  35.8029,  28.7874,
          26.2744, -33.7533,  33.0550, -24.5221,  36.9296, -31.9062, -46.4300,
         -26.3141,  31.7380,  25.0766, -32.0348, -44.1473, -29.3900, -25.2233,
         -21.4499, -43.5695, -24.9947,  21.1230,  33.1174,  39.5028, -19.3285,
          22.8657, -24.5483, -37.7234]],
       device='cuda:0', grad_fn=<ThAddmmBackward>)


