Discriminator error: tensor(27.6310, device='cuda:0', grad_fn=<ThAddBackward>)
Generator error: tensor(47.4759, device='cuda:0', grad_fn=<BinaryCrossEntropyBackward>)
Points: tensor([[  2.6285,   1.6802,   3.9392,   6.3783,   4.3546,  -2.4666,   2.4493,
          -0.4190,   0.3644,   0.3407,  -2.2116,   6.3440,  -5.9361,   5.0591,
          -3.5929,  -0.5905,  -0.8312,  -2.4804,  -2.5637,   1.3418,   1.3936,
           1.8177,  -1.7735,   0.0513,  -1.1148,   0.1491,   3.6040,  -2.7488,
           2.0514,  -0.1539,   0.4204],
        [  3.0443,   3.0319,   5.1220,   6.7627,   5.9775,  -2.7866,   3.6790,
           0.0430,  -0.0354,   0.0189,  -3.2070,   7.4867,  -5.7058,   5.9469,
          -3.0043,  -1.3507,  -1.6409,  -3.5915,  -1.8651,   2.4628,   2.7397,
           2.2222,  -1.2828,   1.1157,  -0.2509,   1.0476,   3.4030,  -2.2498,
           0.9631,   0.8166,  -0.4056],
        [  5.6419,   3.0791,   8.2389,  13.7919,   8.7433,  -5.1409,   4.6949,
          -0.9387,   0.8670,   0.9685,  -4.4742,  13.2223, -13.0654,  10.6097,
          -8.1502,  -0.9499,  -1.5297,  -5.0396,  -5.8650,   2.2768,   2.4596,
           3.7335,  -4.0855,  -0.0243,  -2.7928,   0.0103,   7.8961,  -6.2408,
           4.9175,  -0.6283,   1.3382],
        [  2.1790,   1.2911,   3.5769,   5.5754,   3.7115,  -2.1488,   2.0626,
          -0.2566,   0.3890,   0.2637,  -1.9808,   5.4207,  -5.2358,   4.4883,
          -3.1023,  -0.5606,  -0.6913,  -2.1178,  -2.2482,   1.0680,   1.2099,
           1.5487,  -1.5264,   0.1443,  -1.0150,   0.1447,   3.1491,  -2.4111,
           1.9103,  -0.0700,   0.4499],
        [  8.2324,   4.5316,  12.1254,  20.0529,  12.8865,  -7.5107,   6.9514,
          -1.2975,   1.2372,   1.3951,  -6.7179,  19.1969, -18.8882,  15.5081,
         -11.7344,  -1.3837,  -2.2738,  -7.3437,  -8.4279,   3.3660,   3.7477,
           5.5129,  -5.7398,  -0.0344,  -3.9918,   0.2005,  11.3328,  -8.8900,
           7.0035,  -0.7124,   1.8486]],
       device='cuda:0', grad_fn=<ThAddmmBackward>)


