Discriminator error: tensor(27.6310, device='cuda:0', grad_fn=<ThAddBackward>)
Generator error: tensor(0., device='cuda:0', grad_fn=<BinaryCrossEntropyBackward>)
Points: tensor([[ 27.7069, -20.4528, -18.3922,   5.2397, -19.0479,  21.2006,  23.2336,
          22.6982, -20.9262,  26.4706, -14.4805,  29.0931, -19.7085, -28.8197,
         -21.1490,  25.1809,  22.4488, -26.1486, -26.5843, -18.2434, -16.4690,
         -11.8091, -28.9147, -13.1257,  15.0835,  19.2989,  27.6190, -17.1727,
          14.2110, -15.3224, -22.5301],
        [ 25.4371,  -7.1451,   1.7328,   0.5369, -20.3591,  27.2174,  10.7237,
           7.4652, -23.5918,  12.3262, -19.0983,  14.5254, -22.7778, -32.1115,
         -10.0512,  12.6544,   5.9019, -11.3107, -32.2660, -20.6070, -16.4857,
         -17.8955, -27.0474, -22.0039,  11.3297,  25.8047,  22.5732,  -4.6566,
          16.2321, -17.0728, -28.1076],
        [ 24.9339,  -9.4500,  -2.3199,   1.4334, -19.2832,  25.0350,  12.7441,
           9.9466, -22.2629,  14.6469, -17.3107,  16.8740, -21.2827, -30.3626,
         -11.7877,  14.5873,   8.8147, -13.7761, -29.9950, -19.3346, -15.8457,
         -15.9560, -26.4581, -19.3666,  11.6310,  23.4030,  22.5922,  -6.7727,
          15.3177, -16.1362, -26.0056],
        [ 15.9555,  -0.9382,   6.8991,  -0.8041, -14.0504,  19.6352,   3.3646,
           0.5754, -16.3147,   4.0791, -13.8571,   5.2334, -15.9226, -21.8568,
          -3.5719,   4.7715,  -0.9325,  -3.0459, -22.8147, -14.2277, -10.9336,
         -13.5919, -17.1104, -17.2918,   6.2947,  19.0937,  13.3950,   0.5794,
          11.4333, -11.8765, -20.0526],
        [ 30.8014, -22.1342, -19.3102,   5.5282, -21.3425,  24.0899,  25.1361,
          24.3388, -23.6651,  28.6493, -16.3672,  31.6364, -22.2351, -32.5612,
         -22.8914,  27.3593,  24.0324, -28.3226, -30.1714, -20.5051, -18.4605,
         -13.5462, -32.2621, -15.1906,  16.5821,  22.0019,  30.5709, -18.3634,
          15.9891, -17.3054, -25.5326]],
       device='cuda:0', grad_fn=<ThAddmmBackward>)


