Discriminator error: tensor(27.6310, device='cuda:0', grad_fn=<ThAddBackward>)
Generator error: tensor(0., device='cuda:0', grad_fn=<BinaryCrossEntropyBackward>)
Points: tensor([[ 31.2119, -16.3299, -10.0932,   3.3036, -22.9054,  28.0959,  19.9459,
          17.6973, -26.0875,  22.9429, -19.3409,  25.9362, -24.6480, -35.8015,
         -18.2457,  22.1776,  16.6849, -22.0496, -34.3623, -22.5205, -19.2071,
         -17.1621, -32.8302, -20.1744,  15.4763,  26.0958,  29.2530, -12.7369,
          17.5644, -18.8745, -29.4146],
        [ 40.0797, -16.5855,  -6.0688,   2.7949, -30.3936,  39.0506,  21.8838,
          17.7683, -35.0139,  24.8952, -27.1115,  28.5707, -33.3339, -48.0025,
         -19.9798,  24.6135,  16.0874, -23.7113, -47.0050, -30.5634, -25.2692,
         -24.5560, -42.2887, -29.6299,  18.8468,  36.3769,  36.6099, -12.4177,
          23.8019, -25.4162, -40.5979],
        [ 40.4837, -20.4104, -11.9737,   4.0364, -29.7515,  36.9139,  25.2286,
          22.1595, -33.9809,  29.0002, -25.5480,  32.7456, -32.2786, -46.7355,
         -23.0617,  27.9866,  20.6589, -27.9600, -45.0803, -29.6346, -25.0196,
         -22.7030, -42.5472, -26.8341,  19.8611,  34.2356,  37.7636, -15.8158,
          22.9451, -24.6499, -38.6627],
        [ 33.8263, -15.0563,  -6.8688,   2.7227, -25.5732,  32.2741,  19.1996,
          16.0524, -29.1141,  22.2599, -22.3028,  25.2912, -27.7770, -39.9981,
         -17.8152,  21.7968,  14.9207, -21.1504, -38.9223, -25.4558, -21.1795,
         -20.1803, -35.6567, -24.2832,  16.1226,  30.1311,  31.1411, -11.3936,
          19.9194, -21.1480, -33.6563],
        [ 43.7799, -27.7725, -21.7850,   6.4368, -30.9307,  36.2067,  32.6647,
          30.5553, -34.7730,  37.3092, -24.8306,  41.3086, -32.7587, -47.7888,
         -29.5222,  35.4615,  29.4624, -36.2606, -45.1724, -30.2008, -26.4746,
         -21.2753, -45.8992, -24.4895,  22.7366,  33.3094,  42.2587, -22.6407,
          23.4461, -25.2620, -38.3381]],
       device='cuda:0', grad_fn=<ThAddmmBackward>)


