Discriminator error: tensor(27.6310, device='cuda:0', grad_fn=<ThAddBackward>)
Generator error: tensor(0., device='cuda:0', grad_fn=<BinaryCrossEntropyBackward>)
Points: tensor([[ 38.5555, -11.1932,   2.0345,   0.9078, -30.7323,  40.9562,  16.4616,
          11.5667, -35.5315,  19.0910, -28.5249,  22.3745, -34.2707, -48.4215,
         -15.5329,  19.4815,   9.3428, -17.4956, -48.5929, -31.2037, -24.9626,
         -26.8963, -40.8196, -33.0692,  17.0839,  38.8685,  34.2138,  -7.2635,
          24.3580, -25.8197, -42.4426],
        [ 54.1425, -21.4257,  -6.3826,   3.3909, -41.4899,  53.2490,  28.4245,
          22.8839, -47.5724,  32.7303, -37.0270,  37.6476, -45.5167, -65.1951,
         -26.2405,  32.3645,  20.3635, -30.8528, -64.1495, -41.5022, -34.1274,
         -33.9128, -56.9667, -41.0187,  25.2621,  49.9279,  49.0967, -15.5644,
          32.4491, -34.5958, -55.7079],
        [ 44.8383, -27.3762, -20.7052,   6.1455, -31.9643,  37.9895,  32.2780,
          30.0034, -36.0402,  37.0263, -25.9042,  41.3640, -33.9939, -49.7199,
         -29.4458,  35.5212,  28.9488, -36.0573, -46.8813, -31.3256, -27.1486,
         -22.4876, -47.0291, -25.8784,  23.0866,  34.9586,  43.0684, -22.0968,
          24.3150, -26.3103, -40.0525],
        [ 29.4828, -11.8672,  -3.9393,   2.0024, -22.5912,  28.9895,  15.6627,
          12.6647, -25.9518,  18.1120, -20.1239,  20.7533, -24.7836, -35.5379,
         -14.5708,  17.8832,  11.3612, -17.0662, -34.8207, -22.6635, -18.5677,
         -18.4599, -31.1446, -22.2512,  13.9105,  27.2179,  26.8559,  -8.7220,
          17.8012, -18.7838, -30.1583],
        [ 31.5288, -21.9910, -18.7591,   5.3640, -21.9864,  24.9321,  25.1361,
          24.1052, -24.2927,  28.7264, -17.0189,  31.7319, -22.9458, -33.4906,
         -23.0053,  27.3419,  23.5907, -28.3180, -31.0697, -21.1011, -18.7957,
         -14.3503, -32.9474, -16.0471,  16.9848,  22.7421,  30.9644, -18.2322,
          16.4783, -17.7733, -26.5778]],
       device='cuda:0', grad_fn=<ThAddmmBackward>)


