Discriminator error: tensor(27.6310, device='cuda:0', grad_fn=<ThAddBackward>)
Generator error: tensor(0., device='cuda:0', grad_fn=<BinaryCrossEntropyBackward>)
Points: tensor([[ 21.0379,  -7.2385,  -0.9463,   0.9117, -16.4135,  21.5539,  10.2130,
           7.7190, -18.9355,  11.6779, -15.0566,  13.5429, -18.1457, -25.9279,
          -9.4300,  11.7541,   6.8039, -10.9638, -25.6827, -16.5801, -13.4269,
         -13.8257, -22.2810, -16.8279,   9.6582,  20.1796,  18.9340,  -5.2346,
          12.9712, -13.7026, -22.2495],
        [ 23.8952, -13.2892,  -9.0659,   2.8755, -17.4039,  21.0990,  16.0230,
          14.3831, -19.7677,  18.4082, -14.4605,  20.6472, -18.6792, -27.1179,
         -14.6632,  17.8040,  13.7179, -17.7808, -25.8846, -17.1408, -14.6256,
         -12.7877, -25.2161, -14.9516,  12.1193,  19.5385,  22.6755, -10.5736,
          13.4866, -14.3120, -22.0355],
        [ 35.4611, -19.0540, -12.2992,   3.9378, -25.6934,  31.4958,  23.1309,
          20.8270, -29.2166,  26.6442, -21.6549,  29.8216, -27.7056, -40.2381,
         -21.1325,  25.5680,  19.6472, -25.7060, -38.5211, -25.5283, -21.7618,
         -19.1122, -37.0864, -22.4741,  17.4967,  29.1801,  33.3479, -14.9998,
          19.8414, -21.2238, -33.0718],
        [ 37.6147, -17.9689,  -9.5251,   3.5390, -27.9531,  34.7540,  22.6724,
          19.5494, -31.9253,  26.1490, -24.1928,  29.4353, -30.2409, -43.7993,
         -20.7297,  25.2796,  18.0952, -24.8731, -42.4865, -27.9007, -23.2442,
         -21.6250, -39.5230, -25.7560,  18.2703,  32.4528,  34.8586, -13.9287,
          21.6886, -23.0009, -36.4595],
        [ 23.8490, -11.6878,  -6.4166,   2.2600, -17.6254,  22.1124,  14.5377,
          12.6242, -20.2201,  16.7009, -15.2224,  18.8669, -19.1723, -27.7970,
         -13.2712,  16.2019,  11.8155, -16.0275, -26.8533, -17.6351, -14.8048,
         -13.6160, -25.0618, -16.1634,  11.5754,  20.4719,  22.2354,  -9.0129,
          13.6998, -14.6496, -23.0566]],
       device='cuda:0', grad_fn=<ThAddmmBackward>)


