Discriminator error: tensor(27.6310, device='cuda:0', grad_fn=<ThAddBackward>)
Generator error: tensor(0., device='cuda:0', grad_fn=<BinaryCrossEntropyBackward>)
Points: tensor([[ 58.3893, -34.3102, -24.8996,   7.5399, -41.8779,  50.1822,  40.9380,
          37.3916, -47.3019,  46.8356, -34.4912,  52.2058, -44.6978, -65.1518,
         -37.1876,  44.9032,  35.8874, -45.5089, -61.8970, -41.1326, -35.5467,
         -29.9724, -61.2467, -34.8487,  29.8506,  46.1745,  55.6572, -27.5635,
          31.9875, -34.4418, -52.9064],
        [ 38.3404, -19.9114, -12.3016,   4.1090, -28.2837,  34.5581,  24.4561,
          21.5037, -31.9683,  28.1136, -23.8068,  31.6909, -30.3741, -44.0688,
         -22.5390,  27.2197,  20.3671, -27.0369, -42.2519, -27.8361, -23.5466,
         -21.2813, -40.3061, -25.0258,  19.0515,  32.0852,  35.8127, -15.5368,
          21.7466, -23.2197, -36.3314],
        [ 46.1054, -31.2817, -26.0950,   7.5916, -32.2541,  36.9610,  36.1261,
          34.3440, -35.9752,  41.2575, -25.3039,  45.4654, -33.8671, -49.5436,
         -32.7844,  39.2528,  33.6271, -40.3607, -46.2786, -31.2278, -27.7624,
         -21.4056, -48.2977, -24.1522,  24.5047,  33.9317,  45.0700, -25.7568,
          24.2644, -26.2869, -39.3524],
        [ 57.5369, -18.8963,  -0.5625,   2.2259, -45.3495,  59.3212,  26.7723,
          19.8939, -52.1565,  30.8700, -41.4899,  35.9712, -50.0887, -71.1516,
         -25.0614,  31.1196,  16.8137, -28.5867, -70.8614, -45.4916, -36.9308,
         -38.5317, -60.8337, -47.1021,  26.1337,  56.0324,  51.4650, -13.0938,
          35.5942, -37.8151, -61.7237],
        [ 21.6256, -11.0643,  -6.6724,   2.2113, -15.9205,  19.6383,  13.6647,
          11.9555, -18.0873,  15.7104, -13.5267,  17.6215, -17.1608, -24.9165,
         -12.4705,  15.1183,  11.3602, -15.1014, -24.0186, -15.7899, -13.3275,
         -12.0283, -22.7455, -14.1570,  10.6398,  18.1654,  20.1902,  -8.6607,
          12.2680, -13.1459, -20.5528]],
       device='cuda:0', grad_fn=<ThAddmmBackward>)


