Discriminator error: tensor(27.6310, device='cuda:0', grad_fn=<ThAddBackward>)
Generator error: tensor(0., device='cuda:0', grad_fn=<BinaryCrossEntropyBackward>)
Points: tensor([[ 26.6860, -16.5379, -12.7862,   3.7226, -18.9195,  22.2292,  19.4071,
          18.0581, -21.2438,  22.3603, -15.2828,  24.8440, -19.9884, -29.2974,
         -17.7535,  21.3228,  17.4613, -21.7408, -27.5775, -18.5111, -16.0517,
         -13.1540, -27.8750, -15.1638,  13.7531,  20.4520,  25.6005, -13.4402,
          14.3509, -15.4451, -23.5646],
        [ 47.4271, -30.2675, -24.0663,   7.0694, -33.4910,  39.3054,  35.3603,
          33.1221, -37.6372,  40.5541, -26.8544,  44.9184, -35.4791, -51.8144,
         -32.2453,  38.6795,  32.0904, -39.5945, -48.6490, -32.7489, -28.5700,
         -23.0653, -49.6947, -26.3389,  24.8988,  36.0017,  45.8082, -24.7418,
          25.3888, -27.4507, -41.5198],
        [ 46.3334, -17.7052,  -4.5325,   2.7192, -35.8145,  46.3312,  23.6634,
          18.6861, -41.1183,  27.3336, -32.1518,  31.5641, -39.4553, -56.3392,
         -22.1166,  27.1859,  16.5477, -25.7743, -55.4350, -35.8942, -29.4218,
         -29.6199, -49.0008, -35.9422,  21.6750,  43.4307,  41.9867, -12.7730,
          28.1118, -29.8985, -48.1927],
        [ 26.9903, -16.1758, -12.1880,   3.6799, -19.2996,  23.1537,  19.1140,
          17.6383, -21.9462,  21.9884, -15.7234,  24.4912, -20.6618, -30.0665,
         -17.4351,  21.0990,  16.9829, -21.3549, -28.4257, -19.0042, -16.3705,
         -13.6767, -28.4255, -15.7800,  13.8326,  21.3193,  25.8082, -12.9312,
          14.8246, -15.8946, -24.2457],
        [ 39.0954, -17.9001,  -8.8438,   3.3365, -29.3052,  36.8382,  22.8768,
          19.3021, -33.5023,  26.3342, -25.5384,  29.8248, -31.9385, -45.9587,
         -21.0475,  25.5962,  17.8581, -25.1200, -44.6081, -29.2010, -24.4216,
         -23.0370, -41.1987, -27.4311,  18.8315,  34.2698,  36.1104, -13.7373,
          22.7747, -24.2336, -38.4800]],
       device='cuda:0', grad_fn=<ThAddmmBackward>)


