Discriminator error: tensor(27.6310, device='cuda:0', grad_fn=<ThAddBackward>)
Generator error: tensor(0., device='cuda:0', grad_fn=<BinaryCrossEntropyBackward>)
Points: tensor([[ 19.8307,  -8.5895,  -3.4828,   1.5674, -14.9564,  19.0056,  11.0407,
           9.1669, -17.2530,  12.6857, -13.1575,  14.4876, -16.3653, -23.5796,
         -10.1204,  12.4900,   8.3160, -12.0856, -23.0688, -14.9653, -12.3387,
         -11.9883, -20.9072, -14.3797,   9.4089,  17.8810,  18.1681,  -6.3660,
          11.8367, -12.4800, -19.8464],
        [ 24.9960, -13.3230,  -8.5449,   2.7853, -18.2121,  22.3495,  16.3091,
          14.5258, -20.8052,  18.6315, -15.3402,  20.9442, -19.6097, -28.5747,
         -14.7717,  18.0316,  13.7484, -17.9446, -27.4036, -18.0670, -15.3613,
         -13.5790, -26.3275, -15.9381,  12.3838,  20.6752,  23.5209, -10.5051,
          14.1297, -15.0459, -23.3900],
        [ 34.5357, -18.6676, -12.1082,   3.9022, -25.2108,  30.6912,  22.5936,
          20.1520, -28.4312,  25.8955, -21.0619,  29.1428, -26.9671, -39.1706,
         -20.6563,  25.0491,  19.1143, -25.0540, -37.6082, -24.9031, -21.0840,
         -18.6366, -36.1008, -21.8763,  17.1632,  28.4110,  32.4844, -14.7103,
          19.3762, -20.7616, -32.3598],
        [ 41.1942, -27.8765, -23.5326,   6.8077, -28.9129,  33.2189,  32.3090,
          30.6685, -32.2248,  36.9201, -22.6313,  40.7389, -30.3461, -44.2513,
         -29.4790,  35.1384,  30.0845, -36.1539, -41.2511, -27.9825, -24.8451,
         -19.0775, -43.2102, -21.7012,  21.9672,  30.2998,  40.3441, -23.1009,
          21.8096, -23.4866, -35.1143],
        [ 26.9311, -15.6149, -11.2766,   3.4331, -19.3410,  23.1452,  18.6809,
          17.0814, -21.8491,  21.4495, -15.8812,  23.9227, -20.5979, -30.1104,
         -17.0452,  20.6055,  16.2931, -20.7381, -28.5954, -19.0918, -16.3003,
         -13.8678, -28.2433, -16.1365,  13.6389,  21.4637,  25.6141, -12.4818,
          14.8679, -15.8898, -24.3705]],
       device='cuda:0', grad_fn=<ThAddmmBackward>)


