Discriminator error: tensor(27.6310, device='cuda:0', grad_fn=<ThAddBackward>)
Generator error: tensor(0., device='cuda:0', grad_fn=<BinaryCrossEntropyBackward>)
Points: tensor([[ 31.4801, -14.0786,  -6.3989,   2.5178, -23.7418,  29.9294,  18.0289,
          15.1265, -27.1229,  20.7140, -20.7828,  23.5415, -25.9062, -37.2684,
         -16.5595,  20.2257,  13.8885, -19.7226, -36.3311, -23.7138, -19.6240,
         -18.8655, -33.1352, -22.4859,  15.1027,  27.9651,  28.9400, -10.5794,
          18.5971, -19.7492, -31.3849],
        [ 45.4159, -19.1083,  -7.2224,   3.2177, -34.4122,  43.9731,  24.9573,
          20.5595, -39.5179,  28.5080, -30.6189,  32.6878, -37.7729, -54.2552,
         -22.8363,  28.0536,  18.5381, -27.1183, -53.2068, -34.5644, -28.4908,
         -27.7912, -47.7850, -33.4209,  21.4843,  41.1184,  41.4744, -14.1925,
          26.7895, -28.6895, -45.8130],
        [ 40.3784, -13.4829,  -0.8617,   1.6373, -31.7364,  41.4949,  19.0114,
          14.2780, -36.4502,  21.9152, -28.9585,  25.4342, -35.0152, -49.7939,
         -17.7664,  22.0261,  12.0963, -20.3522, -49.5458, -31.8937, -25.8021,
         -26.8566, -42.6219, -32.8278,  18.4291,  39.1453,  36.1480,  -9.4319,
          24.9296, -26.5144, -43.1789],
        [ 33.2830, -17.2390, -10.5355,   3.5425, -24.3674,  30.0266,  21.1922,
          18.6583, -27.7494,  24.3410, -20.7138,  27.4172, -26.3661, -38.1297,
         -19.3753,  23.5066,  17.5436, -23.4247, -36.6648, -24.1420, -20.4868,
         -18.4420, -34.8729, -21.7834,  16.3494,  27.7935,  31.1226, -13.5231,
          18.8638, -20.1701, -31.6067],
        [ 27.2188, -12.3219,  -5.7211,   2.3166, -20.5447,  26.0423,  15.6602,
          13.2583, -23.6292,  18.1135, -17.9245,  20.5768, -22.4392, -32.4261,
         -14.3964,  17.7592,  12.2427, -17.1463, -31.4072, -20.4709, -17.0527,
         -16.2470, -28.8874, -19.3520,  13.1602,  24.2599,  25.1779,  -9.2345,
          16.1181, -17.0741, -27.0742]],
       device='cuda:0', grad_fn=<ThAddmmBackward>)


