Discriminator error: tensor(55.2620, device='cuda:0', grad_fn=<ThAddBackward>)
Generator error: tensor(0., device='cuda:0', grad_fn=<BinaryCrossEntropyBackward>)
Points: tensor([[ 29.5169, -10.0199,  -0.6714,   1.2403, -23.0520,  30.3639,  13.9913,
          10.4842, -26.7264,  16.0490, -21.1685,  18.5489, -25.6722, -36.3860,
         -12.8728,  16.0702,   8.9457, -14.9622, -36.3706, -23.3647, -18.8879,
         -19.6372, -31.2212, -23.9981,  13.3053,  28.6743,  26.4636,  -6.8689,
          18.1335, -19.4267, -31.4824],
        [ 36.2529, -11.8082,  -0.0676,   1.3325, -28.6168,  37.6865,  16.6413,
          12.3448, -32.9987,  19.1805, -26.1994,  22.4187, -31.8159, -45.0160,
         -15.5128,  19.3380,  10.3680, -17.7521, -44.9156, -28.7536, -23.3159,
         -24.4584, -38.3296, -29.9418,  16.3379,  35.6004,  32.4151,  -7.9413,
          22.5152, -24.0867, -39.0492],
        [ 41.7023, -18.8601,  -8.7569,   3.4987, -31.3596,  39.5603,  24.1219,
          20.2563, -35.8726,  27.5340, -27.3648,  31.4655, -34.1709, -49.2939,
         -22.0024,  26.9859,  18.6724, -26.3472, -47.9265, -31.2337, -25.9996,
         -24.7804, -43.8978, -29.5949,  19.9717,  36.8198,  38.3605, -14.1569,
          24.5023, -26.0420, -41.3494],
        [ 54.4721, -29.0100, -18.4105,   5.9700, -39.8627,  48.8599,  35.2861,
          31.4677, -45.2160,  40.5899, -33.6175,  45.6288, -42.8822, -62.2310,
         -32.4003,  39.1185,  29.7235, -39.1635, -59.6682, -39.3958, -33.5552,
         -29.7723, -57.2244, -35.0592,  27.0629,  45.2122,  51.1989, -22.7908,
          30.7290, -32.8484, -51.2492],
        [ 29.7180, -15.9589, -10.2459,   3.2797, -21.6956,  26.5543,  19.3092,
          17.1601, -24.6484,  22.1942, -18.2910,  24.8760, -23.3877, -33.8588,
         -17.7479,  21.4193,  16.3122, -21.4732, -32.5305, -21.4634, -18.2384,
         -16.1437, -31.1967, -19.0769,  14.7414,  24.6724,  27.9561, -12.5499,
          16.6922, -17.8547, -27.7911]],
       device='cuda:0', grad_fn=<ThAddmmBackward>)


