Discriminator error: tensor(27.6310, device='cuda:0', grad_fn=<ThAddBackward>)
Generator error: tensor(0., device='cuda:0', grad_fn=<BinaryCrossEntropyBackward>)
Points: tensor([[ 38.7391, -15.8508,  -5.4489,   2.4786, -29.5466,  37.8820,  20.7799,
          16.9368, -33.8221,  23.8996, -26.2550,  27.5607, -32.4915, -46.5012,
         -19.2487,  23.5965,  15.3603, -22.7749, -45.5791, -29.5728, -24.3459,
         -24.0270, -40.8558, -28.9116,  18.1454,  35.3792,  35.1856, -11.6730,
          22.9955, -24.6289, -39.5864],
        [ 27.9265, -13.3528,  -7.0356,   2.4721, -20.7225,  25.8452,  16.7193,
          14.4028, -23.5992,  19.1538, -17.8931,  21.7427, -22.4749, -32.5210,
         -15.3051,  18.6470,  13.3576, -18.4066, -31.5219, -20.6319, -17.3086,
         -16.0479, -29.2962, -19.1000,  13.4221,  24.0924,  25.7991, -10.1932,
          16.0281, -17.2218, -27.1437],
        [ 27.2353, -15.7484, -11.1695,   3.3667, -19.6645,  23.5370,  18.8315,
          17.2456, -22.2838,  21.5966, -16.2660,  24.1322, -20.9683, -30.6931,
         -17.1230,  20.7115,  16.5028, -20.9274, -29.2282, -19.2839, -16.5729,
         -14.2125, -28.6454, -16.4391,  13.8894,  21.8531,  25.9455, -12.5542,
          14.9340, -16.1150, -24.7655],
        [ 18.5491, -12.6079, -10.6277,   3.1607, -13.0198,  14.9852,  14.5269,
          13.8192, -14.4724,  16.6282, -10.1585,  18.3400, -13.6894, -19.9099,
         -13.3460,  15.8515,  13.5039, -16.2936, -18.5487, -12.6194, -11.1013,
          -8.6226, -19.3812,  -9.8052,   9.9113,  13.7721,  18.1580, -10.3507,
           9.8629, -10.5890, -15.7371],
        [ 31.7302,  -8.0997,   3.4009,   0.3607, -25.6439,  34.3966,  12.6587,
           8.3816, -29.5195,  14.5540, -24.1358,  17.3687, -28.6634, -40.2147,
         -11.9749,  15.1012,   6.4374, -13.2669, -40.6586, -25.9722, -20.5867,
         -22.7764, -33.5305, -28.1285,  13.8698,  32.6696,  27.7993,  -4.9927,
          20.3302, -21.5925, -35.6631]],
       device='cuda:0', grad_fn=<ThAddmmBackward>)


