Discriminator error: tensor(27.6310, device='cuda:0', grad_fn=<ThAddBackward>)
Generator error: tensor(0., device='cuda:0', grad_fn=<BinaryCrossEntropyBackward>)
Points: tensor([[ 58.4521, -28.5867, -15.8393,   5.5213, -43.2453,  53.7688,  35.7711,
          31.0781, -49.2220,  41.1153, -37.2951,  46.5433, -46.7889, -67.8358,
         -32.6935,  39.8301,  29.0652, -39.4271, -65.5162, -43.0339, -36.1789,
         -33.1732, -61.3145, -39.4377,  28.5409,  49.8419,  54.3241, -22.2343,
          33.3671, -35.7768, -56.4884],
        [ 26.6413, -11.6526,  -5.0242,   2.0044, -20.0107,  25.3049,  14.9862,
          12.6357, -22.8667,  17.2457, -17.5518,  19.6294, -21.8598, -31.3964,
         -13.7288,  16.8288,  11.5196, -16.3796, -30.6970, -20.0254, -16.6219,
         -15.8879, -27.9085, -19.0827,  12.4822,  23.7080,  24.3609,  -8.7757,
          15.5270, -16.6237, -26.5477],
        [ 42.7896, -24.2923, -17.0732,   5.2572, -30.7368,  37.2829,  29.2559,
          26.6565, -34.9982,  33.5402, -25.4775,  37.5819, -33.0013, -48.1781,
         -26.5300,  32.1953,  25.4029, -32.4797, -45.8643, -30.4212, -26.0124,
         -22.3581, -44.9115, -25.9609,  21.6477,  34.3774,  40.6233, -19.3601,
          23.6161, -25.4117, -39.0550],
        [ 36.3291, -16.7679,  -8.1617,   3.0811, -27.2332,  34.1420,  21.2748,
          17.9989, -31.0485,  24.3950, -23.6454,  27.6641, -29.5284, -42.6359,
         -19.5551,  23.7962,  16.6309, -23.3023, -41.4003, -27.0951, -22.5679,
         -21.4227, -38.1941, -25.5091,  17.4792,  31.8675,  33.4614, -12.7253,
          21.2306, -22.4869, -35.8080],
        [ 40.0243, -18.1283,  -8.5037,   3.2516, -30.0164,  37.8461,  23.1753,
          19.4047, -34.2226,  26.6018, -26.2743,  30.2962, -32.6746, -47.0494,
         -21.3074,  26.0605,  18.0157, -25.4603, -45.7602, -29.8254, -24.8827,
         -23.6840, -42.0362, -28.3167,  19.2303,  35.2112,  36.7339, -13.8608,
          23.3841, -24.8484, -39.6710]],
       device='cuda:0', grad_fn=<ThAddmmBackward>)


