Discriminator error: tensor(27.6310, device='cuda:0', grad_fn=<ThAddBackward>)
Generator error: tensor(0., device='cuda:0', grad_fn=<BinaryCrossEntropyBackward>)
Points: tensor([[ 42.8444, -21.5337, -12.6065,   4.3330, -31.6380,  39.1133,  26.6769,
          23.2905, -36.0010,  30.7258, -27.0313,  34.6242, -34.2285, -49.4926,
         -24.5138,  29.6258,  21.8659, -29.5027, -47.6787, -31.3636, -26.5204,
         -24.1828, -45.0202, -28.5268,  21.1321,  36.2216,  39.9272, -16.6785,
          24.4278, -26.1099, -41.0937],
        [ 28.1216, -12.6877,  -5.9616,   2.3578, -21.0430,  26.6972,  16.2023,
          13.6524, -24.1712,  18.5581, -18.3560,  21.2552, -22.9600, -33.1035,
         -14.8982,  18.1910,  12.5850, -17.7524, -32.2160, -21.0239, -17.5185,
         -16.6617, -29.5389, -19.8654,  13.4041,  24.9032,  25.8654,  -9.5828,
          16.5471, -17.5587, -27.7706],
        [ 32.0100, -13.9133,  -5.7137,   2.4289, -24.3511,  30.7903,  17.8249,
          14.8082, -27.6984,  20.5943, -21.3220,  23.5796, -26.4866, -38.1418,
         -16.5544,  20.2948,  13.6206, -19.5742, -37.1525, -24.1239, -19.9747,
         -19.4487, -33.6818, -23.2514,  15.3483,  28.7811,  29.3279, -10.3498,
          18.9951, -20.1324, -32.1449],
        [ 35.1049, -18.5126, -11.7171,   3.8578, -25.6447,  31.3498,  22.7152,
          20.1249, -29.1263,  26.1260, -21.6622,  29.3250, -27.5986, -39.9955,
         -20.7419,  25.1155,  19.0563, -25.1180, -38.4240, -25.4226, -21.5840,
         -19.1769, -36.8201, -22.5274,  17.3452,  29.0305,  32.9582, -14.6054,
          19.7037, -21.1539, -33.0683],
        [ 42.4102, -17.3016,  -5.7076,   2.8222, -32.3923,  41.5331,  22.8241,
          18.3870, -37.1185,  25.9849, -28.8792,  29.8276, -35.5443, -50.8218,
         -20.9128,  25.6558,  16.5832, -24.6971, -50.0301, -32.3802, -26.7864,
         -26.3237, -44.6821, -31.8233,  19.9274,  38.7902,  38.6432, -12.8400,
          25.2788, -27.0211, -43.3158]],
       device='cuda:0', grad_fn=<ThAddmmBackward>)


