Discriminator error: tensor(27.6310, device='cuda:0', grad_fn=<ThAddBackward>)
Generator error: tensor(0., device='cuda:0', grad_fn=<BinaryCrossEntropyBackward>)
Points: tensor([[ 24.2416, -13.2054,  -8.8137,   2.8274, -17.5602,  21.4698,  16.1611,
          14.4547, -20.1287,  18.3912, -14.7807,  20.6557, -18.8892, -27.5067,
         -14.6219,  17.7641,  13.7646, -17.8111, -26.4173, -17.3590, -14.8416,
         -12.9559, -25.5116, -15.2364,  12.1398,  19.7985,  22.8578, -10.5080,
          13.5921, -14.4836, -22.5004],
        [ 27.0591, -15.3710, -10.8389,   3.3974, -19.5523,  23.5273,  18.5531,
          16.7726, -22.0843,  21.2693, -16.1834,  23.8042, -20.8743, -30.3691,
         -16.9137,  20.4528,  16.0425, -20.6275, -28.9940, -19.1964, -16.4141,
         -14.1385, -28.4179, -16.5529,  13.7533,  21.7292,  25.6449, -12.3443,
          14.9141, -16.0335, -24.7451],
        [ 33.5340,  -8.9234,   3.2549,   0.4935, -26.9673,  36.0980,  13.7717,
           9.3618, -31.3051,  15.7386, -25.3520,  18.6437, -30.1059, -42.5348,
         -12.7649,  16.1457,   7.3020, -14.2543, -42.9408, -27.3372, -21.8073,
         -23.8165, -35.6229, -29.4423,  14.6091,  34.4131,  29.6527,  -5.4943,
          21.3956, -22.6865, -37.3239],
        [ 33.1298, -13.1577,  -4.0616,   2.1204, -25.3489,  32.5978,  17.4776,
          14.0611, -29.1170,  19.9772, -22.5942,  23.0925, -27.7879, -39.8393,
         -16.0707,  19.8668,  12.6071, -18.9831, -39.2408, -25.3607, -20.8444,
         -20.6177, -34.9413, -24.9758,  15.4299,  30.5313,  30.0417,  -9.6768,
          19.7986, -21.1525, -33.8758],
        [ 23.3660, -13.7173, -10.0112,   2.9180, -16.7602,  20.1356,  16.2307,
          14.9128, -18.9047,  18.6884, -13.7574,  20.8297, -17.8784, -25.9815,
         -14.8753,  17.8723,  14.3318, -18.1975, -24.7151, -16.5162, -14.1686,
         -12.0125, -24.4406, -13.8716,  11.8408,  18.5699,  22.2471, -10.9586,
          12.7783, -13.7421, -21.1632]],
       device='cuda:0', grad_fn=<ThAddmmBackward>)


