Discriminator error: tensor(27.6310, device='cuda:0', grad_fn=<ThAddBackward>)
Generator error: tensor(0., device='cuda:0', grad_fn=<BinaryCrossEntropyBackward>)
Points: tensor([[ 26.9635,  -8.0204,   1.2240,   0.7111, -21.3001,  28.4401,  11.7130,
           8.4190, -24.7137,  13.4137, -19.9082,  15.7265, -23.8110, -33.7352,
         -10.7210,  13.6896,   6.7162, -12.3628, -33.9274, -21.6575, -17.3449,
         -18.6065, -28.4248, -22.8114,  11.9173,  26.9425,  23.9300,  -5.1447,
          16.8919, -18.0564, -29.5211],
        [ 41.5560, -13.7597,  -0.6445,   1.6129, -32.5441,  42.7605,  19.4675,
          14.6327, -37.4600,  22.2441, -29.8857,  26.1722, -36.0935, -51.2654,
         -18.0073,  22.4648,  12.3956, -20.8609, -51.1014, -32.7492, -26.4572,
         -27.6084, -43.7743, -33.8815,  18.8505,  40.3374,  37.1024,  -9.5096,
          25.5044, -27.3607, -44.3802],
        [ 51.5162, -29.7729, -21.2840,   6.5017, -37.0983,  44.4938,  35.7336,
          32.4726, -41.8592,  40.9885, -30.4943,  45.8154, -39.5436, -57.7540,
         -32.6227,  39.2472,  31.1937, -39.7569, -54.8327, -36.4560, -31.3065,
         -26.7323, -54.0255, -31.0934,  26.3482,  41.0116,  48.9540, -23.8598,
          28.4143, -30.4974, -46.9857],
        [ 41.0374, -22.2469, -14.6481,   4.6916, -29.7944,  36.3893,  27.2173,
          24.2386, -33.8976,  31.0692, -25.0784,  34.8950, -32.0235, -46.6204,
         -24.7151,  30.0084,  23.0388, -30.0638, -44.6895, -29.4841, -25.1584,
         -22.0301, -43.1571, -25.8275,  20.5210,  33.6136,  38.6934, -17.6689,
          22.9018, -24.6005, -38.2659],
        [ 40.5607, -16.3047,  -5.3335,   2.6113, -30.9430,  39.8382,  21.6041,
          17.4627, -35.5195,  24.7107, -27.7128,  28.6355, -34.1336, -48.8963,
         -19.9104,  24.4641,  15.6338, -23.5929, -47.9382, -30.9603, -25.5373,
         -25.3244, -42.7137, -30.6074,  19.0285,  37.1919,  36.9458, -11.9651,
          24.2196, -25.9179, -41.5444]],
       device='cuda:0', grad_fn=<ThAddmmBackward>)


