Discriminator error: tensor(27.6310, device='cuda:0', grad_fn=<ThAddBackward>)
Generator error: tensor(0., device='cuda:0', grad_fn=<BinaryCrossEntropyBackward>)
Points: tensor([[ 24.8146, -11.8191,  -6.3318,   2.2462, -18.4009,  23.0824,  14.8491,
          12.8017, -21.1307,  17.0789, -15.9685,  19.3687, -20.0374, -28.9605,
         -13.5482,  16.6034,  11.9440, -16.3919, -28.1089, -18.4204, -15.3557,
         -14.2778, -26.0783, -16.9450,  12.0441,  21.4302,  23.0173,  -9.0783,
          14.3715, -15.2381, -24.0407],
        [ 39.7451, -19.3618, -10.7032,   3.8198, -29.5925,  36.8326,  24.1383,
          20.7446, -33.6496,  27.8136, -25.4202,  31.4264, -32.0324, -46.2291,
         -22.2128,  26.9978,  19.3530, -26.6533, -44.7320, -29.3099, -24.6493,
         -22.7986, -41.8369, -27.0645,  19.4757,  34.1210,  36.8667, -14.8687,
          22.9221, -24.3959, -38.5794],
        [ 40.8439, -25.9514, -20.6436,   6.0505, -28.8711,  33.8394,  30.4476,
          28.6927, -32.3758,  34.9307, -23.1954,  38.7314, -30.5770, -44.6122,
         -27.7887,  33.3432,  27.7697, -34.0651, -41.9179, -28.1975, -24.6053,
         -19.7956, -42.6946, -22.6941,  21.4275,  31.0344,  39.4869, -21.2909,
          21.9135, -23.5410, -35.7079],
        [ 22.9023,  -9.3154,  -3.1979,   1.5363, -17.3774,  22.3301,  12.1955,
           9.9258, -19.9574,  14.0452, -15.4757,  16.1591, -19.1264, -27.3035,
         -11.2690,  13.8696,   8.8819, -13.3645, -26.8894, -17.4673, -14.3552,
         -14.1615, -24.0199, -17.1253,  10.6229,  20.8904,  20.7840,  -6.9017,
          13.5729, -14.5143, -23.2568],
        [ 21.4279,  -7.4733,  -0.9973,   0.9045, -16.7022,  21.9431,  10.2782,
           7.8971, -19.1380,  11.9588, -15.2429,  13.9445, -18.5059, -26.3711,
          -9.7213,  11.9714,   6.9067, -11.2838, -26.0514, -16.8795, -13.6574,
         -14.1113, -22.5944, -17.1775,   9.7989,  20.6235,  19.3429,  -5.3409,
          13.1558, -14.0540, -22.7947]],
       device='cuda:0', grad_fn=<ThAddmmBackward>)


