Discriminator error: tensor(27.6310, device='cuda:0', grad_fn=<ThAddBackward>)
Generator error: tensor(0., device='cuda:0', grad_fn=<BinaryCrossEntropyBackward>)
Points: tensor([[ 20.2929,  -7.6873,  -1.8482,   1.1197, -15.5853,  20.2585,  10.2708,
           8.1492, -17.9981,  11.8322, -14.0545,  13.6341, -17.2540, -24.5583,
          -9.4889,  11.7341,   7.1701, -11.1977, -24.3156, -15.7236, -12.8288,
         -12.9287, -21.4144, -15.6845,   9.3280,  19.0588,  18.3242,  -5.5222,
          12.2584, -13.0495, -21.0002],
        [ 70.3871, -37.7849, -24.4402,   7.9258, -51.4063,  62.7568,  45.8879,
          40.9481, -58.2377,  52.7944, -43.2550,  59.3411, -55.3135, -80.2507,
         -42.0031,  50.9653,  38.7047, -51.0682, -76.8636, -50.7490, -43.1092,
         -38.1888, -73.8989, -44.9494,  35.2445,  58.0259,  66.1171, -29.7244,
          39.2936, -42.3439, -65.9699],
        [ 39.5272, -18.9056, -10.0416,   3.7229, -29.4167,  36.6411,  23.7115,
          20.4247, -33.5152,  27.2489, -25.3279,  30.9298, -31.9395, -46.0326,
         -21.7644,  26.4279,  18.8773, -26.0966, -44.6377, -29.1940, -24.5293,
         -22.7540, -41.4487, -27.1347,  19.1042,  34.1608,  36.6272, -14.4489,
          22.7299, -24.3893, -38.4035],
        [ 30.8940,  -9.6141,   0.5366,   1.0010, -24.3962,  32.3517,  13.9482,
          10.0809, -28.3072,  15.9339, -22.5651,  18.6143, -27.1859, -38.4072,
         -12.9202,  16.0939,   8.3659, -14.7686, -38.5171, -24.6774, -19.9825,
         -21.0586, -32.7503, -25.8133,  13.7899,  30.4813,  27.5466,  -6.4751,
          19.3263, -20.4926, -33.5061],
        [ 27.1085, -14.9369,  -9.9296,   3.0670, -19.5153,  23.8140,  18.1355,
          16.2660, -22.2547,  20.6718, -16.4220,  23.0735, -20.9991, -30.6472,
         -16.3419,  19.8706,  15.4832, -20.0117, -29.3612, -19.4112, -16.5423,
         -14.4127, -28.4030, -16.8306,  13.4483,  22.0537,  25.4894, -11.8333,
          15.0127, -16.1556, -25.0904]],
       device='cuda:0', grad_fn=<ThAddmmBackward>)


