Discriminator error: tensor(27.6310, device='cuda:0', grad_fn=<ThAddBackward>)
Generator error: tensor(0., device='cuda:0', grad_fn=<BinaryCrossEntropyBackward>)
Points: tensor([[ 53.5640, -29.9229, -20.6518,   6.5549, -38.7327,  46.7506,  36.2383,
          32.6877, -43.8198,  41.6166, -32.1395,  46.5581, -41.4349, -60.3873,
         -33.0706,  39.9026,  31.1369, -40.1784, -57.5355, -38.1535, -32.6804,
         -28.2102, -56.0436, -33.0128,  27.0065,  43.1656,  50.5793, -23.8614,
          29.7844, -31.8652, -49.3331],
        [ 36.9411, -13.7137,  -2.8402,   1.9087, -28.5702,  37.1130,  18.5429,
          14.4495, -32.8612,  21.3615, -25.7892,  24.5450, -31.5909, -44.9417,
         -17.1835,  21.1758,  12.6576, -20.0506, -44.4537, -28.7431, -23.5213,
         -23.8945, -39.0089, -28.9549,  17.0127,  34.8675,  33.4113,  -9.8474,
          22.4757, -23.9072, -38.7311],
        [ 34.1541, -24.9622, -22.1080,   6.3557, -23.6554,  26.4102,  28.3261,
          27.5154, -25.9458,  32.3644, -18.0404,  35.5594, -24.5411, -35.8011,
         -25.8788,  30.8008,  27.1876, -31.9437, -33.0952, -22.6504, -20.3634,
         -14.8116, -35.7670, -16.5708,  18.5853,  23.9973,  33.9927, -20.8544,
          17.6617, -18.9387, -28.0806],
        [ 42.8827, -25.9540, -19.5879,   5.9019, -30.6792,  36.2859,  30.7565,
          28.4861, -34.5144,  35.3711, -24.9127,  39.3295, -32.5323, -47.5532,
         -28.1213,  33.7142,  27.4204, -34.2761, -44.9014, -30.0203, -26.0124,
         -21.6287, -44.9466, -24.8874,  22.1595,  33.3737,  41.1268, -20.9829,
          23.3826, -25.0121, -38.2217],
        [ 37.8334, -18.3307,  -9.9428,   3.5832, -28.0327,  35.0366,  22.9500,
          19.7096, -32.0216,  26.2454, -24.1687,  29.8168, -30.4428, -43.9042,
         -20.9018,  25.5307,  18.3924, -25.2773, -42.5963, -27.8842, -23.4084,
         -21.6590, -39.7280, -25.7854,  18.3430,  32.5083,  35.0218, -14.0996,
          21.6797, -23.2865, -36.6820]],
       device='cuda:0', grad_fn=<ThAddmmBackward>)


