Discriminator error: tensor(27.6310, device='cuda:0', grad_fn=<ThAddBackward>)
Generator error: tensor(0., device='cuda:0', grad_fn=<BinaryCrossEntropyBackward>)
Points: tensor([[ 44.1669, -26.0799, -19.3044,   5.8223, -31.6276,  37.9058,  31.0536,
          28.4724, -35.6367,  35.6343, -25.9544,  39.7421, -33.7793, -49.1779,
         -28.4383,  34.1702,  27.4270, -34.7588, -46.5986, -31.0583, -26.7803,
         -22.4869, -46.3510, -26.2268,  22.5005,  34.8482,  42.1337, -21.0753,
          24.1484, -25.9303, -39.8048],
        [ 34.5339, -16.7998,  -9.1900,   3.2260, -25.6582,  31.8517,  20.9871,
          18.1411, -29.1679,  24.1866, -22.0774,  27.1677, -27.8365, -40.1507,
         -19.2997,  23.3226,  16.9374, -23.1455, -38.8188, -25.4488, -21.4730,
         -19.8192, -36.2598, -23.5154,  16.7337,  29.6726,  32.0446, -12.9840,
          19.8625, -21.1870, -33.5215],
        [ 29.9059, -13.4758,  -6.3132,   2.4863, -22.3311,  28.2603,  17.2680,
          14.5283, -25.6656,  19.8178, -19.6373,  22.4569, -24.4174, -35.2516,
         -15.7970,  19.3191,  13.3702, -18.9190, -34.3475, -22.4642, -18.6324,
         -17.7009, -31.3887, -21.1377,  14.2870,  26.3314,  27.5091, -10.2265,
          17.4966, -18.5761, -29.6168],
        [ 30.9551, -12.6090,  -4.3040,   2.0731, -23.5498,  30.3037,  16.6250,
          13.5434, -27.1341,  19.0372, -21.0349,  21.9293, -25.9122, -37.2496,
         -15.1356,  18.8643,  12.1115, -18.0509, -36.5543, -23.6791, -19.4628,
         -19.1844, -32.6133, -23.1098,  14.5422,  28.2597,  28.2672,  -9.3051,
          18.4125, -19.7611, -31.5262],
        [ 33.7176, -16.6455,  -9.2065,   3.2692, -24.9577,  31.0136,  20.6641,
          17.8250, -28.4687,  23.6673, -21.4409,  26.8256, -27.1048, -39.0419,
         -18.9337,  23.0192,  16.6158, -22.8170, -37.8106, -24.7537, -20.8470,
         -19.1840, -35.4573, -22.8074,  16.3936,  28.8528,  31.3335, -12.7501,
          19.3581, -20.6564, -32.5420]],
       device='cuda:0', grad_fn=<ThAddmmBackward>)


