Discriminator error: tensor(27.6310, device='cuda:0', grad_fn=<ThAddBackward>)
Generator error: tensor(0., device='cuda:0', grad_fn=<BinaryCrossEntropyBackward>)
Points: tensor([[ 47.6222, -23.4167, -13.2058,   4.6351, -35.2643,  43.9048,  29.1521,
          25.4349, -40.2751,  33.5425, -30.2264,  37.9250, -38.2820, -55.2520,
         -26.6863,  32.4961,  23.7117, -32.0673, -53.4938, -35.1228, -29.5015,
         -27.0857, -50.0297, -32.1686,  23.0861,  40.9228,  44.2874, -18.0664,
          27.2892, -29.1637, -45.8870],
        [ 31.4336, -17.1172, -11.4188,   3.6415, -22.8220,  27.6434,  20.8514,
          18.7123, -25.8088,  23.9272, -19.0575,  26.9277, -24.4682, -35.5435,
         -19.1098,  22.9873,  17.7567, -23.1357, -34.0236, -22.4578, -19.2209,
         -16.7546, -32.9302, -19.7009,  15.6433,  25.6147,  29.5772, -13.5982,
          17.4788, -18.7662, -29.2008],
        [ 32.2034, -14.9484,  -7.3690,   2.7866, -24.0664,  30.2720,  18.9308,
          16.0631, -27.4594,  21.7245, -20.9647,  24.7199, -26.1988, -37.7563,
         -17.5013,  21.1738,  14.8759, -20.8554, -36.6136, -23.9314, -20.0592,
         -18.8825, -33.8717, -22.5763,  15.5349,  28.2172,  29.6977, -11.4134,
          18.6898, -19.9394, -31.6857],
        [ 32.5169, -18.1728, -12.3259,   3.9183, -23.5598,  28.4415,  21.8859,
          19.7237, -26.7410,  25.0713, -19.4574,  28.2275, -25.1893, -36.7221,
         -19.9590,  24.1895,  18.7681, -24.2124, -35.0701, -23.1246, -19.8418,
         -17.1862, -34.1133, -20.0472,  16.2756,  26.3691,  30.7728, -14.3140,
          18.1362, -19.3752, -29.9644],
        [ 40.5637, -13.3511,  -0.3325,   1.5066, -31.8501,  42.1656,  18.9160,
          14.1153, -36.9118,  21.6970, -29.3640,  25.2344, -35.4522, -50.4781,
         -17.4354,  21.8387,  11.9883, -20.1323, -50.2227, -32.2742, -26.1880,
         -27.3186, -43.0618, -33.3415,  18.2543,  39.7218,  36.4512,  -9.1113,
          25.1633, -26.8047, -43.6983]],
       device='cuda:0', grad_fn=<ThAddmmBackward>)


