Discriminator error: tensor(55.2620, device='cuda:0', grad_fn=<ThAddBackward>)
Generator error: tensor(0., device='cuda:0', grad_fn=<BinaryCrossEntropyBackward>)
Points: tensor([[ 37.8646, -20.4949, -13.2478,   4.2582, -27.6800,  33.7699,  24.8085,
          22.2165, -31.3895,  28.5397, -23.2028,  32.0913, -29.7499, -43.3455,
         -22.6810,  27.5143,  21.0388, -27.5360, -41.4107, -27.2621, -23.2638,
         -20.5017, -39.8021, -24.0452,  18.9142,  31.3136,  35.7140, -16.0979,
          21.2422, -22.7864, -35.3909],
        [ 22.8381,  -4.8960,   4.2635,  -0.1476, -18.7522,  25.4744,   8.2306,
           4.8024, -21.8226,   9.4222, -18.0361,  11.3676, -21.1364, -29.6053,
          -7.7606,   9.9576,   3.3428,  -8.3946, -30.1340, -18.9756, -15.0610,
         -17.0885, -24.3764, -21.2550,   9.7525,  24.3200,  19.9022,  -2.6539,
          15.0365, -15.7711, -26.3758],
        [ 46.0118, -16.1556,  -2.1083,   2.0926, -35.9033,  46.9356,  22.2277,
          17.0558, -41.2058,  25.6218, -32.6601,  29.8440, -39.7733, -56.5722,
         -20.6937,  25.6175,  14.5939, -23.9824, -56.0148, -36.0912, -29.3979,
         -30.3105, -48.5254, -36.9033,  21.0870,  44.1548,  41.3976, -11.1867,
          28.1395, -30.1942, -48.8556],
        [ 42.0146, -22.0189, -13.4540,   4.5026, -30.8800,  37.9161,  26.7627,
          23.8031, -35.1149,  30.9128, -26.0429,  34.8738, -33.3330, -48.3353,
         -24.5378,  29.8552,  22.3418, -29.6556, -46.3373, -30.5299, -25.9152,
         -23.2697, -44.1830, -27.3042,  20.7742,  35.2126,  39.4981, -17.0471,
          23.7598, -25.5029, -39.8095],
        [ 38.2818, -15.5286,  -5.1789,   2.5432, -29.2463,  37.3766,  20.4474,
          16.5816, -33.5317,  23.5163, -26.0311,  27.0749, -32.0502, -46.0249,
         -18.8591,  23.2432,  14.8621, -22.2896, -45.1230, -29.2459, -24.0387,
         -23.7621, -40.3238, -28.7082,  18.0378,  35.0361,  34.7773, -11.4902,
          22.7717, -24.3848, -39.0201]],
       device='cuda:0', grad_fn=<ThAddmmBackward>)


