Discriminator error: tensor(27.6310, device='cuda:0', grad_fn=<ThAddBackward>)
Generator error: tensor(0., device='cuda:0', grad_fn=<BinaryCrossEntropyBackward>)
Points: tensor([[ 46.0998, -23.7252, -14.3018,   4.7684, -33.7982,  41.6232,  29.2765,
          25.7212, -38.4841,  33.5668, -28.6999,  37.6949, -36.4538, -52.9276,
         -26.6522,  32.3674,  24.2114, -32.2412, -50.9173, -33.5701, -28.4019,
         -25.6100, -48.4206, -30.0956,  22.6918,  38.6686,  43.0384, -18.4805,
          26.1257, -27.9482, -43.7790],
        [ 31.0862, -20.6450, -17.0713,   4.9707, -21.8016,  25.1365,  23.9359,
          22.8026, -24.3436,  27.4296, -17.1183,  30.4655, -22.9604, -33.5446,
         -21.8005,  26.1550,  22.1229, -26.8584, -31.3492, -21.1495, -18.6321,
         -14.5763, -32.4576, -16.6009,  16.3792,  23.0382,  30.2890, -16.9713,
          16.4656, -17.7555, -26.5725],
        [ 35.7786, -14.4932,  -4.8502,   2.3448, -27.3273,  35.0790,  19.1587,
          15.5350, -31.3607,  21.9943, -24.3028,  25.1803, -29.8745, -42.9700,
         -17.5632,  21.7635,  14.0093, -20.7397, -42.1997, -27.4128, -22.5721,
         -22.1935, -37.6941, -26.8249,  16.7501,  32.8244,  32.6647, -10.7543,
          21.5083, -22.7731, -36.5419],
        [ 23.8052, -10.6529,  -4.8024,   1.8698, -17.8839,  22.6022,  13.5794,
          11.3739, -20.4370,  15.5897, -15.6691,  17.7134, -19.5448, -28.0820,
         -12.4901,  15.2549,  10.5473, -14.9406, -27.3600, -17.8547, -14.8507,
         -14.1808, -25.0342, -16.9342,  11.2925,  21.0989,  21.8297,  -8.1448,
          13.8218, -14.8370, -23.5996],
        [ 51.1154, -30.9592, -23.4597,   7.0406, -36.4673,  43.1745,  36.6519,
          33.9942, -41.1683,  42.1930, -29.5449,  46.9219, -38.8135, -56.4647,
         -33.4981,  40.2780,  32.5787, -40.8116, -53.3563, -35.7534, -30.9714,
         -25.7240, -53.6750, -29.5353,  26.3394,  39.8691,  48.9453, -24.9526,
          27.7269, -29.8144, -45.5014]],
       device='cuda:0', grad_fn=<ThAddmmBackward>)


