Discriminator error: tensor(27.6310, device='cuda:0', grad_fn=<ThAddBackward>)
Generator error: tensor(0., device='cuda:0', grad_fn=<BinaryCrossEntropyBackward>)
Points: tensor([[ 34.3427, -16.9477,  -9.6233,   3.4207, -25.3905,  31.4004,  21.1221,
          18.2946, -28.8652,  24.3756, -21.7314,  27.5492, -27.4063, -39.6999,
         -19.4314,  23.5895,  17.0710, -23.4160, -38.2910, -25.2063, -21.1128,
         -19.4785, -35.9625, -23.0546,  16.8538,  29.1705,  31.8593, -13.1316,
          19.6408, -20.9542, -33.0330],
        [ 24.4792,  -7.9309,   0.1246,   0.7370, -19.2580,  25.4353,  11.1339,
           8.1826, -22.1652,  12.7551, -17.7869,  14.9607, -21.4779, -30.3133,
         -10.3605,  12.9242,   6.8117, -11.9223, -30.2922, -19.3855, -15.7559,
         -16.5836, -25.8089, -20.2646,  11.0068,  23.9804,  21.7948,  -5.3849,
          15.0620, -16.2285, -26.4409],
        [ 26.9325, -11.7691,  -5.0694,   2.0962, -20.3358,  25.7396,  15.2169,
          12.6679, -23.2638,  17.4144, -17.8821,  19.8557, -22.1867, -31.9213,
         -13.9204,  17.1198,  11.5736, -16.5261, -31.1983, -20.3343, -16.8153,
         -16.1966, -28.3163, -19.3890,  12.8462,  24.0571,  24.6625,  -8.8572,
          15.8086, -16.8731, -26.8363],
        [ 39.5423, -21.0625, -13.4994,   4.3652, -28.8790,  35.3303,  25.6391,
          22.8213, -32.7258,  29.4975, -24.2474,  33.2383, -31.0247, -44.9891,
         -23.4357,  28.4780,  21.6234, -28.4599, -43.2197, -28.5006, -24.2631,
         -21.4899, -41.4779, -25.3008,  19.5356,  32.7096,  37.1370, -16.5062,
          22.1302, -23.7819, -37.0910],
        [ 40.3106, -17.4715,  -7.2653,   3.0745, -30.4295,  38.7733,  22.5355,
          18.7455, -34.8733,  25.8171, -26.7580,  29.6714, -33.3171, -47.8669,
         -20.7376,  25.3982,  17.0224, -24.6754, -46.7232, -30.4163, -25.2580,
         -24.3958, -42.3459, -29.1887,  19.1463,  36.1486,  36.9127, -12.9566,
          23.8733, -25.4108, -40.4513]],
       device='cuda:0', grad_fn=<ThAddmmBackward>)


