Discriminator error: tensor(27.6310, device='cuda:0', grad_fn=<ThAddBackward>)
Generator error: tensor(0., device='cuda:0', grad_fn=<BinaryCrossEntropyBackward>)
Points: tensor([[ 44.7634, -26.1736, -18.7394,   5.7602, -32.2252,  38.5310,  31.1509,
          28.5096, -36.3441,  35.7827, -26.3874,  40.0214, -34.3376, -50.0550,
         -28.4887,  34.2877,  27.3082, -34.6874, -47.5232, -31.5402, -27.2129,
         -23.1886, -46.9251, -26.9025,  22.8585,  35.6104,  42.6252, -20.8794,
          24.6957, -26.4077, -40.6403],
        [ 29.1815, -14.3177,  -8.0196,   2.7347, -21.5339,  26.8066,  17.7774,
          15.4752, -24.4196,  20.5749, -18.5699,  23.2152, -23.3829, -33.7999,
         -16.4118,  19.8850,  14.4912, -19.7460, -32.6160, -21.4380, -18.0250,
         -16.5828, -30.4848, -19.7052,  14.1555,  24.9559,  27.1357, -11.1431,
          16.6124, -17.7993, -28.1170],
        [ 49.9522, -22.3721, -10.1215,   3.9727, -37.7705,  47.7067,  28.4256,
          23.9337, -43.0320,  32.7963, -33.1221,  37.5271, -41.2303, -59.2579,
         -26.2818,  32.1995,  21.8813, -31.3358, -57.6882, -37.5344, -31.2623,
         -29.9504, -52.6096, -35.9162,  24.0759,  44.3820,  46.0346, -16.8379,
          29.1971, -31.3440, -49.8025],
        [ 35.9853, -11.7680,  -0.2443,   1.2919, -28.2945,  37.1685,  16.7088,
          12.4456, -32.5842,  19.1493, -25.9710,  22.3561, -31.3147, -44.5521,
         -15.4024,  19.4053,  10.5535, -17.7968, -44.4398, -28.5153, -22.9223,
         -24.1382, -38.0141, -29.5147,  16.2771,  35.0888,  32.1396,  -8.1271,
          22.2694, -23.7533, -38.6168],
        [ 38.2847, -13.1370,  -1.2720,   1.5157, -30.1012,  39.3569,  18.1798,
          13.8460, -34.5707,  20.9574, -27.4207,  24.4492, -33.2680, -47.3105,
         -16.9365,  21.1025,  11.9589, -19.5038, -47.0361, -30.1545, -24.5168,
         -25.3941, -40.5580, -31.0131,  17.4717,  37.1026,  34.3717,  -8.9786,
          23.6908, -25.1750, -40.8358]],
       device='cuda:0', grad_fn=<ThAddmmBackward>)


