Discriminator error: tensor(27.6310, device='cuda:0', grad_fn=<ThAddBackward>)
Generator error: tensor(0., device='cuda:0', grad_fn=<BinaryCrossEntropyBackward>)
Points: tensor([[ 37.6857, -20.5774, -13.7711,   4.4849, -27.4223,  33.3670,  24.9146,
          22.3567, -31.1439,  28.6738, -22.8484,  32.2145, -29.4415, -42.7397,
         -22.8462,  27.6296,  21.1885, -27.6679, -40.8669, -27.0899, -23.0913,
         -20.2116, -39.5702, -23.7074,  18.8665,  30.8791,  35.6033, -16.1785,
          21.1435, -22.5652, -34.9705],
        [ 23.1158, -10.2960,  -4.5757,   1.8007, -17.4498,  22.0249,  13.0498,
          10.9394, -19.7947,  15.0443, -15.1904,  17.1366, -19.0260, -27.2467,
         -12.0682,  14.7453,  10.1270, -14.3795, -26.6680, -17.3747, -14.4264,
         -13.8209, -24.2105, -16.5855,  10.8358,  20.6003,  21.1675,  -7.6879,
          13.4425, -14.4583, -22.9728],
        [ 42.2807, -16.6863,  -4.9520,   2.5659, -32.4522,  41.8147,  22.1017,
          17.7295, -37.2319,  25.3015, -29.0284,  29.3548, -35.6212, -51.0119,
         -20.3679,  25.2182,  15.8401, -23.9986, -50.2381, -32.4611, -26.7571,
         -26.5677, -44.5658, -32.2313,  19.6631,  39.1324,  38.3678, -12.1754,
          25.4084, -27.1270, -43.5653],
        [ 27.1104, -16.8093, -12.9948,   3.8828, -19.3373,  22.7226,  19.7758,
          18.2615, -21.7957,  22.7380, -15.5940,  25.1873, -20.4193, -29.8426,
         -18.1179,  21.6726,  17.7095, -22.1558, -28.1183, -18.8650, -16.3854,
         -13.4798, -28.4713, -15.5506,  14.1765,  20.9394,  26.0920, -13.6713,
          14.7020, -15.7649, -24.0214],
        [ 28.0327,  -8.8104,   0.4043,   0.9052, -22.1345,  29.3062,  12.6432,
           9.2314, -25.5273,  14.4927, -20.4119,  17.1036, -24.6019, -34.9345,
         -11.8228,  14.7006,   7.7034, -13.4727, -34.8563, -22.3772, -18.0151,
         -19.1102, -29.5424, -23.3208,  12.5536,  27.7197,  25.0617,  -5.8624,
          17.5803, -18.6850, -30.4042]],
       device='cuda:0', grad_fn=<ThAddmmBackward>)


