Discriminator error: tensor(27.6310, device='cuda:0', grad_fn=<ThAddBackward>)
Generator error: tensor(0., device='cuda:0', grad_fn=<BinaryCrossEntropyBackward>)
Points: tensor([[ 28.1699, -16.4048, -11.7747,   3.4947, -20.1794,  24.2507,  19.5590,
          17.9210, -22.8286,  22.4486, -16.6432,  25.0384, -21.5533, -31.4098,
         -17.8816,  21.4729,  17.1886, -21.8140, -29.8770, -19.8956, -17.0792,
         -14.5253, -29.4695, -16.8528,  14.2786,  22.4509,  26.7835, -13.2114,
          15.4302, -16.6078, -25.5468],
        [ 34.4051, -14.6417,  -5.7889,   2.5087, -26.0537,  33.1065,  19.0100,
          15.5184, -29.7759,  21.7500, -23.0174,  24.9345, -28.4618, -40.8462,
         -17.4344,  21.4389,  14.1536, -20.7899, -39.9929, -25.9917, -21.4566,
         -20.9056, -36.1042, -25.1969,  16.2608,  30.9169,  31.3305, -10.9018,
          20.2917, -21.6740, -34.6402],
        [ 28.8367, -11.3627,  -3.2010,   1.7100, -22.1110,  28.4850,  15.1061,
          12.0255, -25.3761,  17.2531, -19.9183,  19.8364, -24.3645, -34.8004,
         -13.9230,  17.0970,  10.7947, -16.4539, -34.3754, -22.1814, -18.2266,
         -18.1673, -30.3861, -22.0389,  13.4147,  26.7413,  26.1873,  -8.2684,
          17.2949, -18.4446, -29.7026],
        [ 20.9263, -14.7859, -12.8728,   3.7180, -14.3953,  16.2194,  17.0360,
          16.3913, -16.0415,  19.3445, -11.1274,  21.2832, -15.0836, -22.1338,
         -15.4237,  18.4435,  16.0457, -19.0562, -20.4933, -13.9735, -12.4540,
          -9.2551, -21.8174, -10.4167,  11.2414,  14.8505,  20.6488, -12.3674,
          10.8635, -11.7058, -17.2885],
        [ 43.8548, -21.1123, -11.1429,   4.1593, -32.5730,  40.6598,  26.5275,
          22.8310, -37.1764,  30.3108, -28.2734,  34.5328, -35.3763, -51.1167,
         -24.2249,  29.5714,  21.2324, -29.2073, -49.4989, -32.3684, -27.0792,
         -25.2019, -46.0837, -30.0439,  21.4278,  37.7982,  40.6461, -16.2760,
          25.2619, -26.9879, -42.6739]],
       device='cuda:0', grad_fn=<ThAddmmBackward>)


