Discriminator error: tensor(27.6310, device='cuda:0', grad_fn=<ThAddBackward>)
Generator error: tensor(0., device='cuda:0', grad_fn=<BinaryCrossEntropyBackward>)
Points: tensor([[ 45.1547, -20.8298, -10.0674,   3.8077, -33.8569,  42.5320,  26.1947,
          22.1866, -38.4804,  30.2000, -29.4768,  34.4649, -36.8089, -53.0090,
         -24.2471,  29.5246,  20.4380, -28.9726, -51.4667, -33.6287, -28.0967,
         -26.5650, -47.3672, -31.9044,  21.7981,  39.5792,  41.6096, -15.8438,
          26.1494, -28.1148, -44.6043],
        [ 20.2878, -10.2220,  -5.9152,   1.9759, -14.9336,  18.5256,  12.6772,
          10.9828, -17.0713,  14.4852, -12.8193,  16.3232, -16.1654, -23.3930,
         -11.5220,  13.9723,  10.3658, -13.9331, -22.6387, -14.8699, -12.5389,
         -11.4347, -21.3350, -13.4637,   9.9322,  17.1440,  18.9049,  -7.9348,
          11.5208, -12.3457, -19.4206],
        [ 29.6063, -15.4505,  -9.4492,   3.1376, -21.6436,  26.6637,  18.9497,
          16.6583, -24.6914,  21.6978, -18.3876,  24.4185, -23.4058, -33.9518,
         -17.2479,  20.9327,  15.8000, -20.9278, -32.6435, -21.4801, -18.2374,
         -16.2835, -31.1412, -19.2493,  14.5500,  24.7034,  27.7535, -12.1166,
          16.6675, -17.8966, -27.9542],
        [ 46.0513, -27.6102, -20.4767,   6.1749, -32.9354,  39.1712,  32.7159,
          30.1909, -37.1214,  37.4798, -26.8813,  41.7343, -35.0858, -51.1679,
         -29.7238,  35.8073,  28.9291, -36.4055, -48.5456, -32.3575, -27.9522,
         -23.4072, -48.1907, -27.0466,  23.5515,  36.1133,  43.9998, -22.0976,
          25.1379, -27.0419, -41.3994],
        [ 43.5082, -26.6361, -20.1137,   6.0022, -31.0373,  36.6573,  31.2797,
          29.1006, -35.0206,  35.9989, -25.0475,  40.0823, -32.9811, -48.1454,
         -28.6122,  34.4396,  27.9130, -34.9007, -45.4793, -30.3564, -26.3567,
         -21.8188, -45.6960, -25.0741,  22.4329,  33.9127,  41.7812, -21.3585,
          23.6451, -25.4473, -38.6715]],
       device='cuda:0', grad_fn=<ThAddmmBackward>)


