Discriminator error: tensor(27.6310, device='cuda:0', grad_fn=<ThAddBackward>)
Generator error: tensor(0., device='cuda:0', grad_fn=<BinaryCrossEntropyBackward>)
Points: tensor([[ 33.8870, -18.4612, -12.0588,   3.8400, -24.7853,  30.0691,  22.2449,
          19.9471, -27.8861,  25.5864, -20.6273,  28.7911, -26.5779, -38.4456,
         -20.4478,  24.6534,  18.8657, -24.7047, -36.8771, -24.3697, -20.7077,
         -18.3057, -35.4666, -21.5708,  16.8804,  27.9393,  31.9086, -14.4889,
          18.8811, -20.3486, -31.5953],
        [ 32.2343, -14.9336,  -7.3661,   2.8044, -24.1514,  30.2867,  18.9103,
          16.0356, -27.5084,  21.7860, -20.9769,  24.7309, -26.2535, -37.7721,
         -17.4799,  21.1560,  14.8483, -20.8407, -36.7245, -23.9793, -20.0622,
         -18.9161, -33.8471, -22.6107,  15.4852,  28.2430,  29.7746, -11.4003,
          18.6958, -19.9490, -31.7502],
        [ 34.6179, -11.9934,  -1.3652,   1.4691, -26.9633,  35.3265,  16.5865,
          12.6239, -31.0707,  19.1012, -24.6528,  22.1354, -29.8948, -42.4948,
         -15.4246,  19.2026,  10.9305, -17.9304, -42.1870, -27.2240, -22.0999,
         -22.7592, -36.5006, -27.8492,  15.7319,  33.2207,  31.1258,  -8.5409,
          21.2030, -22.6034, -36.7620],
        [ 33.0678, -18.3444, -12.5643,   3.9605, -23.9279,  29.1013,  22.2421,
          20.0478, -27.1801,  25.5039, -19.9256,  28.4975, -25.7202, -37.3484,
         -20.2564,  24.4165,  19.0935, -24.6044, -35.6835, -23.7211, -20.2699,
         -17.5281, -34.7463, -20.5265,  16.5346,  26.8500,  31.2925, -14.6191,
          18.3979, -19.6980, -30.4496],
        [ 29.7104, -23.1618, -21.5294,   6.2561, -20.2173,  21.9404,  26.0100,
          25.7687, -22.0578,  29.5843, -15.0566,  32.5641, -20.6626, -30.4310,
         -23.7650,  28.2888,  25.6551, -29.4618, -27.7282, -19.1227, -17.5633,
         -11.8783, -31.0661, -13.1865,  16.4754,  19.8819,  29.9808, -19.6660,
          14.9232, -15.9850, -23.2969]],
       device='cuda:0', grad_fn=<ThAddmmBackward>)


