Discriminator error: tensor(27.6310, device='cuda:0', grad_fn=<ThAddBackward>)
Generator error: tensor(0., device='cuda:0', grad_fn=<BinaryCrossEntropyBackward>)
Points: tensor([[ 41.9485, -19.4799,  -9.7998,   3.6313, -31.3757,  39.3154,  24.6967,
          21.0626, -35.8370,  28.4886, -27.3075,  32.2098, -34.1324, -49.1655,
         -22.7259,  27.5791,  19.4480, -27.1422, -47.7402, -31.2948, -26.1434,
         -24.5570, -44.2184, -29.2732,  20.2844,  36.6255,  38.7462, -14.8966,
          24.3594, -25.9227, -41.1478],
        [ 34.0998, -10.4303,   0.8258,   1.0984, -26.9998,  35.6488,  15.2022,
          10.8900, -31.1292,  17.4429, -25.0017,  20.5024, -29.9931, -42.3983,
         -14.1977,  17.7451,   9.0377, -16.2144, -42.4287, -27.1338, -21.8698,
         -23.2556, -36.0584, -28.6636,  15.3522,  33.6033,  30.3162,  -7.1177,
          21.3121, -22.5465, -37.0126],
        [ 38.6231, -20.3654, -12.6967,   4.1863, -28.2408,  34.6292,  24.8451,
          22.0653, -32.1036,  28.5258, -23.8675,  32.0820, -30.4223, -44.2374,
         -22.6240,  27.5321,  20.8695, -27.5456, -42.5286, -27.9472, -23.7433,
         -21.1528, -40.4969, -24.8807,  19.0292,  32.1044,  36.2835, -15.8926,
          21.7168, -23.3480, -36.3777],
        [ 34.1375, -15.8333,  -7.7566,   2.9725, -25.7103,  32.2191,  19.9865,
          16.8740, -29.2073,  22.9788, -22.3003,  26.1873, -27.8721, -40.1858,
         -18.4499,  22.5320,  15.6888, -21.9743, -39.0074, -25.4268, -21.2449,
         -20.0911, -35.9562, -24.0097,  16.6103,  29.9357,  31.5387, -12.0716,
          19.9271, -21.2593, -33.6448],
        [ 34.3359, -15.3116,  -6.7929,   2.6830, -25.8035,  32.5549,  19.6163,
          16.4213, -29.4232,  22.4356, -22.6058,  25.6941, -28.0751, -40.5035,
         -18.0579,  22.0285,  15.1029, -21.4468, -39.4815, -25.6524, -21.3626,
         -20.4194, -36.0073, -24.5038,  16.3492,  30.4326,  31.4218, -11.5840,
          20.0117, -21.3852, -34.1084]],
       device='cuda:0', grad_fn=<ThAddmmBackward>)


