Discriminator error: tensor(27.6310, device='cuda:0', grad_fn=<ThAddBackward>)
Generator error: tensor(0., device='cuda:0', grad_fn=<BinaryCrossEntropyBackward>)
Points: tensor([[ 34.2863, -16.5151,  -8.8091,   3.2048, -25.4963,  31.8569,  20.6808,
          17.7950, -29.0707,  23.7915, -22.0462,  26.8258, -27.6683, -39.9976,
         -19.0615,  23.0695,  16.6329, -22.8308, -38.7051, -25.3798, -21.2374,
         -19.7682, -36.0704, -23.5274,  16.7136,  29.6113,  31.7628, -12.6946,
          19.7798, -21.0771, -33.3169],
        [ 23.0357, -10.4226,  -4.7747,   1.8812, -17.3423,  21.8368,  13.2801,
          11.1465, -19.7504,  15.2244, -15.1163,  17.3238, -18.8205, -27.1643,
         -12.1351,  14.8278,  10.3068, -14.4946, -26.5104, -17.2381, -14.3115,
         -13.6942, -24.1942, -16.3878,  11.0036,  20.4176,  21.1891,  -7.8258,
          13.5111, -14.3824, -22.8280],
        [ 31.9235, -17.8739, -12.3186,   3.7953, -23.0723,  27.8307,  21.4769,
          19.5389, -26.0353,  24.7465, -19.0148,  27.6911, -24.6148, -35.9208,
         -19.6296,  23.7404,  18.5822, -23.8627, -34.2215, -22.7559, -19.4361,
         -16.8037, -33.3575, -19.5779,  16.0021,  25.7192,  30.1887, -14.2064,
          17.5813, -18.9849, -29.3299],
        [ 41.7090, -19.7931, -10.3779,   3.7556, -31.0180,  38.8585,  24.9079,
          21.3868, -35.4043,  28.6385, -26.9057,  32.4526, -33.6235, -48.7097,
         -22.8044,  27.7985,  19.7996, -27.3611, -47.2153, -30.9771, -25.9331,
         -24.1294, -43.7756, -28.7687,  20.1582,  36.1114,  38.6676, -15.1762,
          24.0018, -25.7449, -40.6482],
        [ 25.6834, -11.3674,  -4.9330,   2.0133, -19.4228,  24.5646,  14.4819,
          12.1725, -22.1669,  16.7071, -16.9518,  18.9938, -21.1771, -30.4888,
         -13.3820,  16.3186,  11.1437, -15.8230, -29.7505, -19.3839, -16.1595,
         -15.4286, -26.9766, -18.4605,  12.0381,  23.0573,  23.6136,  -8.4463,
          15.0850, -16.1465, -25.6402]],
       device='cuda:0', grad_fn=<ThAddmmBackward>)


