Discriminator error: tensor(27.6310, device='cuda:0', grad_fn=<ThAddBackward>)
Generator error: tensor(0., device='cuda:0', grad_fn=<BinaryCrossEntropyBackward>)
Points: tensor([[ 34.0224, -18.9798, -13.0491,   4.1636, -24.5516,  29.7924,  23.0390,
          20.7307, -27.8531,  26.2931, -20.4755,  29.5980, -26.3319, -38.3707,
         -20.9938,  25.3325,  19.6510, -25.5660, -36.5666, -24.1781, -20.7318,
         -17.9617, -35.6785, -21.1287,  17.1098,  27.4881,  32.1583, -15.1703,
          18.8719, -20.2219, -31.2275],
        [ 42.6232, -10.4235,   5.4663,   0.2970, -34.4103,  46.5657,  16.7350,
          10.9306, -40.1360,  19.0477, -32.7280,  22.7744, -38.6501, -54.5223,
         -15.5346,  19.8053,   8.1412, -17.1906, -55.1894, -35.0786, -27.9515,
         -30.7600, -45.3239, -38.1541,  18.3855,  44.2754,  37.4983,  -6.2706,
          27.3928, -29.1830, -48.0291],
        [ 29.2287, -10.3340,  -1.3248,   1.4191, -22.7338,  29.5904,  14.2164,
          10.8997, -26.2168,  16.2416, -20.6828,  18.8372, -25.1167, -35.8105,
         -12.9949,  16.2983,   9.3494, -15.2316, -35.6880, -22.9086, -18.5132,
         -19.1371, -30.7973, -23.3319,  13.3819,  28.0153,  26.2588,  -7.1928,
          17.8592, -19.0348, -30.8226],
        [ 43.1895, -23.6143, -15.7234,   5.0465, -31.4964,  38.2597,  28.6134,
          25.5719, -35.6176,  32.9114, -26.2924,  36.7921, -33.8026, -48.9951,
         -26.1887,  31.5470,  24.3714, -31.7400, -46.8649, -31.0039, -26.5191,
         -23.2435, -45.3392, -27.2117,  21.6521,  35.3760,  40.7363, -18.6072,
          24.2286, -25.9209, -40.3086],
        [ 25.3724, -17.0357, -14.2409,   4.1621, -17.7280,  20.4200,  19.7210,
          18.7808, -19.8881,  22.6128, -13.9620,  24.8996, -18.6778, -27.3168,
         -17.9330,  21.4927,  18.3744, -22.1067, -25.5282, -17.3029, -15.2573,
         -11.7645, -26.5476, -13.3463,  13.4019,  18.7444,  24.8268, -14.0838,
          13.4387, -14.4241, -21.5554]],
       device='cuda:0', grad_fn=<ThAddmmBackward>)


