Discriminator error: tensor(55.2620, device='cuda:0', grad_fn=<ThAddBackward>)
Generator error: tensor(0., device='cuda:0', grad_fn=<BinaryCrossEntropyBackward>)
Points: tensor([[ 27.4041,  -9.6578,  -1.3227,   1.2841, -21.2601,  27.8733,  13.3501,
          10.3398, -24.6452,  15.3217, -19.3981,  17.7332, -23.5159, -33.6899,
         -12.2806,  15.2900,   8.9538, -14.3153, -33.4187, -21.5080, -17.5033,
         -17.8150, -28.9614, -21.8010,  12.4613,  26.2122,  24.6957,  -6.7584,
          16.7207, -17.8740, -28.8806],
        [ 40.1983, -15.1040,  -3.5293,   2.2083, -30.9828,  40.2578,  20.3045,
          16.0945, -35.7103,  23.4640, -27.9113,  27.0727, -34.2189, -48.8449,
         -18.8613,  23.3215,  14.0970, -22.0447, -48.2122, -31.2215, -25.4842,
         -25.8143, -42.4166, -31.2227,  18.5711,  37.8209,  36.3368, -10.8759,
          24.3908, -25.9242, -41.8875],
        [ 49.1397, -26.2471, -16.9175,   5.5226, -35.8254,  43.6602,  32.0617,
          28.6139, -40.6398,  36.8232, -30.0976,  41.4264, -38.3989, -56.0071,
         -29.2530,  35.5335,  26.9466, -35.4596, -53.6374, -35.4862, -30.0006,
         -26.6745, -51.4627, -31.3248,  24.5459,  40.4956,  46.1273, -20.6628,
          27.6144, -29.5872, -45.9909],
        [ 42.3972, -25.7192, -19.4020,   5.8696, -30.2831,  36.0102,  30.4910,
          28.0363, -34.2861,  34.8518, -24.5372,  38.8084, -32.1961, -47.0129,
         -27.5571,  33.4164,  27.0932, -33.8135, -44.4781, -29.6570, -25.7550,
         -21.3447, -44.5499, -24.5604,  21.8286,  33.0102,  40.6971, -20.7802,
          23.1619, -24.8539, -37.8965],
        [ 40.7917, -22.3807, -14.9586,   4.7835, -29.6125,  35.9516,  27.1301,
          24.3228, -33.5944,  31.1604, -24.7225,  34.9038, -31.7882, -46.2507,
         -24.7692,  29.8883,  23.1525, -30.0697, -44.1907, -29.2129, -25.0448,
         -21.7467, -42.8532, -25.5319,  20.3014,  33.2647,  38.4570, -17.6620,
          22.7633, -24.3953, -37.8323]],
       device='cuda:0', grad_fn=<ThAddmmBackward>)


