Discriminator error: tensor(27.6310, device='cuda:0', grad_fn=<ThAddBackward>)
Generator error: tensor(0., device='cuda:0', grad_fn=<BinaryCrossEntropyBackward>)
Points: tensor([[ 37.9543, -10.6625,   2.6893,   0.7941, -30.3258,  40.3332,  16.0356,
          11.1620, -35.0768,  18.3767, -28.3530,  21.6449, -33.7518, -47.7755,
         -14.8947,  18.7934,   8.8188, -16.7901, -48.1372, -30.6986, -24.5633,
         -26.4992, -40.2011, -32.7360,  16.6644,  38.3481,  33.5617,  -6.8385,
          23.9263, -25.4611, -41.8119],
        [ 41.3052, -17.5265,  -7.0652,   3.0709, -31.3604,  39.9506,  22.7849,
          18.9260, -36.0085,  26.2208, -27.7008,  29.9835, -34.3205, -49.3729,
         -20.9309,  25.7843,  17.1580, -24.8645, -48.3028, -31.4239, -25.9510,
         -25.1230, -43.5943, -30.2540,  19.5699,  37.3531,  37.7953, -13.0739,
          24.5354, -26.0585, -41.5245],
        [ 22.9548, -11.5780,  -6.8101,   2.3135, -16.8715,  20.8369,  14.2740,
          12.5952, -19.1941,  16.4892, -14.3768,  18.6009, -18.2607, -26.4930,
         -13.1540,  15.9135,  11.7730, -15.8239, -25.5396, -16.7861, -14.0948,
         -12.8233, -24.0366, -15.1708,  11.2347,  19.4623,  21.4117,  -9.0110,
          13.0366, -13.9720, -21.8061],
        [ 45.6162, -28.3712, -21.9929,   6.4841, -32.2302,  38.1134,  33.4535,
          31.2541, -36.4099,  38.1800, -26.0603,  42.5815, -34.3179, -50.0318,
         -30.3463,  36.4570,  30.0843, -37.2814, -47.2719, -31.6347, -27.5854,
         -22.4195, -47.7099, -25.7707,  23.5582,  35.0029,  43.8491, -23.0294,
          24.4785, -26.5101, -40.1961],
        [ 36.6349, -15.9902,  -6.7928,   2.8215, -27.6890,  35.1640,  20.5754,
          17.2137, -31.7609,  23.6844, -24.2498,  27.0154, -30.2418, -43.5053,
         -18.9408,  23.2279,  15.6480, -22.4643, -42.4902, -27.6550, -22.9346,
         -22.1229, -38.6020, -26.5169,  17.4669,  32.7718,  33.6297, -11.9427,
          21.5958, -23.0221, -36.6735]],
       device='cuda:0', grad_fn=<ThAddmmBackward>)


