Discriminator error: tensor(55.2620, device='cuda:0', grad_fn=<ThAddBackward>)
Generator error: tensor(0., device='cuda:0', grad_fn=<BinaryCrossEntropyBackward>)
Points: tensor([[ 34.6891, -19.1829, -12.8183,   4.0797, -25.1727,  30.4886,  23.2430,
          20.8846, -28.5511,  26.6245, -20.8973,  29.8412, -26.9662, -39.2461,
         -21.0861,  25.4848,  19.8173, -25.6423, -37.5817, -24.8241, -21.2031,
         -18.4901, -36.4314, -21.5724,  17.3685,  28.2184,  32.7292, -15.0850,
          19.3735, -20.7132, -32.1445],
        [ 28.0874,  -8.8132,   0.5073,   0.8529, -22.2606,  29.3562,  12.6019,
           9.1247, -25.6613,  14.5055, -20.5305,  16.8811, -24.5879, -35.0331,
         -11.7522,  14.7431,   7.6242, -13.4481, -35.0099, -22.4760, -18.0842,
         -19.0951, -29.7320, -23.4911,  12.6069,  27.7033,  25.0718,  -5.9682,
          17.6051, -18.5986, -30.3725],
        [ 37.5350, -10.1302,   3.2337,   0.6706, -30.2815,  40.3759,  15.4276,
          10.5180, -34.8801,  17.8728, -28.2329,  21.1543, -33.7075, -47.5938,
         -14.7197,  18.4228,   8.3585, -16.2567, -47.7823, -30.5782, -24.3564,
         -26.6595, -39.8183, -32.8171,  16.5947,  38.4240,  33.1860,  -6.4086,
          23.9895, -25.4340, -41.8572],
        [ 34.7825, -18.8427, -12.3182,   3.9524, -25.4201,  30.9871,  22.8367,
          20.4014, -28.7512,  26.3111, -21.3268,  29.6309, -27.2264, -39.6149,
         -20.9883,  25.4677,  19.4574, -25.4417, -37.8386, -25.0117, -21.2628,
         -18.8158, -36.5205, -22.0985,  17.5025,  28.6028,  32.6990, -14.9080,
          19.5155, -20.8689, -32.4897],
        [ 20.1964, -10.6610,  -6.6640,   2.1562, -14.7816,  18.2097,  12.9612,
          11.5485, -16.9173,  14.9160, -12.4370,  16.7740, -15.9806, -23.1802,
         -11.8058,  14.3689,  10.9527, -14.3445, -22.2997, -14.6624, -12.4499,
         -11.1096, -21.3005, -13.0092,   9.9347,  16.9046,  18.9905,  -8.3227,
          11.4382, -12.2656, -19.0494]],
       device='cuda:0', grad_fn=<ThAddmmBackward>)


