Discriminator error: tensor(55.2620, device='cuda:0', grad_fn=<ThAddBackward>)
Generator error: tensor(0., device='cuda:0', grad_fn=<BinaryCrossEntropyBackward>)
Points: tensor([[ 35.3337, -14.7060,  -5.3530,   2.3996, -26.9243,  34.3287,  19.1579,
          15.7311, -30.6734,  22.0483, -23.8393,  25.3015, -29.4113, -42.2116,
         -17.7606,  21.7546,  14.2278, -20.9671, -41.3386, -26.8781, -22.1446,
         -21.7230, -37.1116, -26.2390,  16.7082,  32.1036,  32.1926, -10.9135,
          20.9583, -22.3916, -35.8339],
        [ 45.7043, -17.7419,  -4.8612,   2.6379, -35.1917,  45.2354,  23.6927,
          18.8995, -40.2522,  27.2707, -31.5625,  31.4672, -38.7069, -55.2743,
         -22.0821,  27.0834,  16.8984, -25.8452, -54.4113, -35.1647, -28.8883,
         -28.9681, -48.1931, -34.9874,  21.3704,  42.4563,  41.3858, -12.9631,
          27.4155, -29.2691, -47.2727],
        [ 43.3989, -17.4309,  -5.6177,   2.7463, -33.2090,  42.5195,  23.1568,
          18.7682, -38.0891,  26.5470, -29.5955,  30.5233, -36.3564, -52.2825,
         -21.2991,  26.1637,  16.8983, -25.0288, -51.3082, -33.2517, -27.4309,
         -27.0445, -45.7494, -32.5830,  20.3737,  39.8140,  39.4810, -12.8656,
          25.8518, -27.6767, -44.3699],
        [ 42.3708, -12.6007,   1.5486,   1.1580, -33.6042,  44.7433,  18.6632,
          13.4011, -38.9897,  21.3788, -31.2250,  25.2160, -37.4593, -53.0750,
         -17.3425,  21.8361,  10.9698, -19.6970, -53.1621, -34.0187, -27.4162,
         -29.1740, -44.9804, -35.8223,  18.9358,  42.2387,  37.7424,  -8.4882,
          26.6155, -28.2365, -46.2751],
        [ 33.3662, -16.3339,  -9.1962,   3.1954, -24.7442,  30.7885,  20.3401,
          17.6463, -28.1927,  23.3644, -21.1822,  26.5785, -26.7648, -38.7620,
         -18.6677,  22.7742,  16.4222, -22.5040, -37.4113, -24.5730, -20.6225,
         -18.9868, -35.0926, -22.5737,  16.2784,  28.5480,  30.9920, -12.6652,
          19.1466, -20.5098, -32.1488]],
       device='cuda:0', grad_fn=<ThAddmmBackward>)


