Discriminator error: tensor(55.2620, device='cuda:0', grad_fn=<ThAddBackward>)
Generator error: tensor(0., device='cuda:0', grad_fn=<BinaryCrossEntropyBackward>)
Points: tensor([[ 58.3750, -29.1888, -16.7629,   5.7799, -43.0448,  53.4548,  36.2948,
          31.5849, -49.0888,  41.5113, -36.8444,  46.9735, -46.5876, -67.6110,
         -32.9453,  40.3412,  29.6184, -39.9310, -65.1487, -42.8525, -36.0344,
         -32.9204, -61.3242, -38.8508,  28.6290,  49.4428,  54.3734, -22.6373,
          33.3183, -35.7487, -56.1934],
        [ 43.6799, -22.7153, -14.0455,   4.5719, -31.9743,  39.3476,  27.8237,
          24.6979, -36.4512,  32.0190, -27.1683,  35.9826, -34.5208, -50.1342,
         -25.3766,  30.8341,  23.2130, -30.7962, -48.2457, -31.7828, -26.9534,
         -24.0504, -45.9880, -28.3231,  21.5411,  36.4430,  40.9222, -17.7747,
          24.5303, -26.4133, -41.2481],
        [ 42.3816, -27.7945, -22.8116,   6.7358, -29.7498,  34.4927,  32.4870,
          30.6407, -33.2946,  37.1300, -23.5628,  40.9615, -31.3404, -45.8206,
         -29.3783,  35.3405,  29.8897, -36.2077, -42.9359, -29.0280, -25.4960,
         -19.9368, -44.2993, -22.8089,  22.3248,  31.5381,  41.2427, -22.9369,
          22.6277, -24.3120, -36.5190],
        [ 26.5112,  -7.6564,   1.5634,   0.5623, -21.1505,  28.2180,  11.3162,
           7.9182, -24.5151,  12.9939, -19.7250,  15.3201, -23.6021, -33.4354,
         -10.5282,  13.2626,   6.3458, -11.9098, -33.5323, -21.3834, -17.2221,
         -18.5428, -28.0811, -22.7502,  11.7491,  26.7328,  23.5185,  -4.9205,
          16.7400, -17.9066, -29.2482],
        [ 19.5047, -12.6034, -10.1737,   2.9278, -13.6403,  15.8848,  14.6985,
          13.9125, -15.2948,  16.8591, -10.8607,  18.7034, -14.3982, -21.0696,
         -13.3481,  16.0094,  13.5173, -16.4799, -19.7737, -13.3602, -11.6828,
          -9.2955, -20.2664, -10.5566,  10.1396,  14.5977,  18.8971, -10.2812,
          10.2892, -11.2265, -16.8330]],
       device='cuda:0', grad_fn=<ThAddmmBackward>)


