Discriminator error: tensor(27.6310, device='cuda:0', grad_fn=<ThAddBackward>)
Generator error: tensor(27.6310, device='cuda:0', grad_fn=<BinaryCrossEntropyBackward>)
Points: tensor([[  4.6279,   2.5861,   6.6525,  11.2389,   7.1441,  -4.0671,   3.7868,
          -0.7740,   0.7446,   0.7363,  -3.5185,  10.9257, -10.5361,   8.6867,
          -6.6001,  -0.8581,  -1.2532,  -4.1316,  -4.8339,   1.9483,   1.9801,
           2.9301,  -3.3026,  -0.0077,  -2.2763,   0.0116,   6.4353,  -5.1291,
           3.8716,  -0.4844,   1.0649],
        [  4.1849,   2.6374,   6.1177,   9.8654,   6.6968,  -3.6793,   3.7092,
          -0.5887,   0.5224,   0.6079,  -3.3431,   9.6968,  -9.0697,   7.6610,
          -5.5266,  -0.8370,  -1.2303,  -3.8222,  -4.0411,   1.9044,   2.1512,
           2.7656,  -2.7089,   0.1239,  -1.7539,   0.2743,   5.5291,  -4.3405,
           3.0755,  -0.2156,   0.7216],
        [  8.6418,   4.5643,  12.3611,  20.6299,  13.0802,  -7.6055,   6.9830,
          -1.4574,   1.2420,   1.4891,  -6.5793,  19.7888, -19.5228,  15.8552,
         -12.2180,  -1.2872,  -2.1949,  -7.3216,  -8.9429,   3.2364,   3.6483,
           5.5995,  -6.1311,  -0.1789,  -4.3017,   0.0505,  11.8345,  -9.5230,
           7.3588,  -0.9835,   2.1418],
        [  3.1602,   1.7719,   4.7180,   7.7334,   5.0483,  -2.8862,   2.7801,
          -0.5949,   0.5525,   0.4314,  -2.4100,   7.6875,  -7.4055,   6.0406,
          -4.5127,  -0.5584,  -0.7589,  -2.9318,  -3.2794,   1.4457,   1.4310,
           2.0688,  -2.2772,  -0.0130,  -1.5667,   0.0073,   4.4693,  -3.4907,
           2.6608,  -0.3191,   0.6485],
        [  6.5778,   2.1088,   9.1699,  17.3518,   8.7400,  -5.8000,   4.0273,
          -1.7236,   1.6341,   1.8231,  -4.0495,  15.5790, -16.7812,  12.1544,
         -11.2049,  -0.0664,  -0.7378,  -4.7608,  -8.5568,   1.2119,   1.2788,
           4.0547,  -5.7871,  -1.7328,  -4.7498,  -1.3024,  10.2905,  -8.6948,
           7.7905,  -2.2565,   2.9382]],
       device='cuda:0', grad_fn=<ThAddmmBackward>)


