Discriminator error: tensor(55.2620, device='cuda:0', grad_fn=<ThAddBackward>)
Generator error: tensor(0., device='cuda:0', grad_fn=<BinaryCrossEntropyBackward>)
Points: tensor([[ 20.8230,  -6.1066,   0.9721,   0.4811, -16.5104,  22.0231,   9.0189,
           6.3944, -19.1378,  10.3509, -15.4403,  12.1207, -18.4014, -26.0605,
          -8.4463,  10.5548,   5.2212,  -9.5208, -26.1542, -16.7401, -13.4637,
         -14.3850, -22.0232, -17.7395,   9.1750,  20.8086,  18.5292,  -4.0528,
          13.0695, -13.8907, -22.7576],
        [ 33.7013,  -7.5035,   5.6767,  -0.0608, -27.5223,  37.4174,  12.4590,
           7.5879, -32.0416,  14.1712, -26.3156,  17.1504, -30.9602, -43.5421,
         -11.7184,  14.9954,   5.4311, -12.8103, -44.2380, -27.9752, -22.2205,
         -25.0031, -35.8634, -30.8704,  14.4261,  35.7165,  29.4325,  -4.0693,
          21.9932, -23.2791, -38.7423],
        [ 22.1536,  -9.7021,  -4.1070,   1.6614, -16.7054,  21.1308,  12.4967,
          10.5040, -19.1036,  14.3383, -14.6238,  16.3630, -18.1707, -26.2264,
         -11.4481,  14.0100,   9.6027, -13.5901, -25.6704, -16.6975, -13.8473,
         -13.2764, -23.2929, -15.9580,  10.4011,  19.7943,  20.3254,  -7.2834,
          13.0098, -13.8284, -22.0450],
        [ 34.0005, -13.1164,  -3.3592,   1.8771, -26.1607,  33.8256,  17.4221,
          13.8768, -29.9740,  20.0886, -23.4683,  22.9667, -28.7710, -41.1217,
         -16.2461,  19.8289,  12.3853, -18.9434, -40.4994, -26.3033, -21.5805,
         -21.6281, -35.7746, -26.1904,  15.6799,  31.7884,  30.7454,  -9.5386,
          20.4322, -21.8943, -35.2462],
        [ 37.4048, -13.5930,  -2.2829,   1.8748, -29.0865,  37.7629,  18.4230,
          14.2975, -33.3820,  21.2569, -26.2854,  24.5889, -32.0867, -45.7345,
         -17.2555,  21.1740,  12.4001, -19.9231, -45.1809, -29.1498, -23.8551,
         -24.3699, -39.4030, -29.6296,  17.1187,  35.6183,  33.7147,  -9.5959,
          22.7986, -24.3075, -39.3952]],
       device='cuda:0', grad_fn=<ThAddmmBackward>)


