Discriminator error: tensor(49.7358, device='cuda:0', grad_fn=<ThAddBackward>)
Generator error: tensor(0., device='cuda:0', grad_fn=<BinaryCrossEntropyBackward>)
Points: tensor([[ 26.8866,  -9.6916,  -1.8328,   1.3968, -20.8300,  27.2822,  13.4080,
          10.3712, -24.1557,  15.3544, -18.9514,  17.7412, -23.0467, -33.0164,
         -12.3002,  15.3334,   9.1320, -14.3661, -32.6378, -21.0400, -17.1120,
         -17.4741, -28.4986, -21.2359,  12.3761,  25.6240,  24.3189,  -6.9084,
          16.6153, -17.4801, -28.2256],
        [ 33.0730, -16.1967,  -9.0187,   3.0647, -24.5066,  30.4959,  20.0807,
          17.4647, -27.8286,  23.2050, -21.0847,  26.1670, -26.5468, -38.4974,
         -18.5193,  22.4551,  16.3217, -22.3007, -37.0993, -24.3908, -20.4647,
         -18.8515, -34.6933, -22.3855,  16.2077,  28.3392,  30.6676, -12.4983,
          18.8559, -20.3267, -31.9931],
        [ 52.5294, -32.6262, -25.0959,   7.3755, -37.2144,  43.9815,  38.4381,
          35.7681, -41.9531,  43.8743, -30.0673,  48.7377, -39.4550, -57.7670,
         -34.7394,  41.9315,  34.4914, -42.7569, -54.5993, -36.5199, -31.7681,
         -25.9622, -55.0573, -29.8526,  27.1161,  40.3894,  50.5257, -26.5133,
          28.1972, -30.5886, -46.4715],
        [ 19.3932,  -5.2129,   1.6790,   0.3150, -15.5591,  20.7897,   7.9305,
           5.3900, -18.0236,   9.1352, -14.5500,  10.8138, -17.3811, -24.5592,
          -7.4486,   9.4130,   4.2371,  -8.3696, -24.7219, -15.8188, -12.4941,
         -13.7590, -20.5483, -16.8235,   8.5217,  19.8354,  17.1178,  -3.2047,
          12.4085, -13.1664, -21.5702],
        [ 30.9376, -16.7815, -10.9186,   3.5079, -22.4869,  27.4622,  20.4073,
          18.2566, -25.5592,  23.3546, -18.8948,  26.2729, -24.2388, -35.1544,
         -18.6010,  22.5152,  17.2778, -22.6107, -33.7078, -22.1696, -19.0571,
         -16.6399, -32.4741, -19.5911,  15.2497,  25.4378,  29.1916, -13.1985,
          17.4087, -18.4955, -28.8181]],
       device='cuda:0', grad_fn=<ThAddmmBackward>)


