Discriminator error: tensor(55.2620, device='cuda:0', grad_fn=<ThAddBackward>)
Generator error: tensor(0., device='cuda:0', grad_fn=<BinaryCrossEntropyBackward>)
Points: tensor([[ 33.2525, -12.6368,  -3.1382,   1.8896, -25.6070,  33.1993,  17.0522,
          13.5084, -29.6238,  19.6281, -23.1404,  22.6607, -28.3067, -40.5041,
         -15.6101,  19.4529,  11.9166, -18.4500, -39.8773, -25.7867, -21.1469,
         -21.2013, -35.1613, -25.7005,  15.4113,  31.0551,  30.1931,  -9.1340,
          20.1493, -21.4936, -34.6113],
        [ 53.8815, -25.7161, -13.6564,   5.0592, -40.1837,  50.1026,  32.3130,
          27.7750, -45.7560,  37.1697, -34.6902,  42.2238, -43.5438, -62.7539,
         -29.7371,  36.0855,  25.7269, -35.6106, -60.8397, -39.8323, -33.3857,
         -31.1184, -56.5934, -37.0737,  26.3172,  46.6005,  49.8663, -19.7048,
          31.0813, -33.1879, -52.5458],
        [ 38.6141, -23.6251, -17.8776,   5.2462, -27.5494,  32.5075,  27.8171,
          25.8383, -30.9434,  31.8748, -22.3067,  35.5450, -29.2045, -42.7508,
         -25.4364,  30.6614,  24.9108, -31.0512, -40.2842, -26.9004, -23.3185,
         -19.3478, -40.4657, -22.2872,  19.9000,  30.0463,  37.0208, -19.1012,
          20.9005, -22.5329, -34.4064],
        [ 32.1030,  -9.3724,   1.5996,   0.7503, -25.6234,  34.0095,  13.8162,
           9.7688, -29.5428,  16.0307, -23.7999,  18.7571, -28.5254, -40.2762,
         -13.0672,  16.2471,   7.9412, -14.6423, -40.3719, -25.8541, -20.7468,
         -22.2969, -34.0783, -27.4646,  14.2321,  32.2768,  28.4380,  -6.1657,
          20.2822, -21.4474, -35.2689],
        [ 36.0091, -15.3786,  -6.0894,   2.7415, -27.3436,  34.7851,  19.8323,
          16.4256, -31.3552,  22.9186, -23.9846,  26.2265, -29.8701, -42.9604,
         -18.4026,  22.4962,  14.8663, -21.7102, -41.9194, -27.2829, -22.5494,
         -21.9441, -37.8978, -26.3459,  17.1669,  32.5579,  32.9049, -11.4703,
          21.3567, -22.7220, -36.2472]],
       device='cuda:0', grad_fn=<ThAddmmBackward>)


