Discriminator error: tensor(55.2620, device='cuda:0', grad_fn=<ThAddBackward>)
Generator error: tensor(0., device='cuda:0', grad_fn=<BinaryCrossEntropyBackward>)
Points: tensor([[ 30.5806, -16.8269, -11.1997,   3.5828, -22.2426,  26.9337,  20.3431,
          18.2644, -25.1474,  23.4088, -18.5486,  26.2577, -23.8521, -34.5927,
         -18.6677,  22.4786,  17.3856, -22.6268, -33.0527, -21.8735, -18.7194,
         -16.4404, -32.0718, -19.1028,  15.3396,  24.9502,  28.7761, -13.2721,
          16.9785, -18.3234, -28.4974],
        [ 43.0777, -27.7391, -22.3342,   6.6727, -30.3761,  35.5689,  32.5323,
          30.4934, -34.2830,  37.1244, -24.1814,  41.0854, -32.1445, -46.7969,
         -29.4640,  35.4250,  29.5874, -36.1725, -44.0884, -29.6214, -26.0311,
         -20.6945, -45.2197, -23.6907,  22.5880,  32.5482,  41.7429, -22.7116,
          23.1309, -24.8057, -37.3684],
        [ 50.0190, -32.2866, -25.8752,   7.5660, -35.2387,  40.8666,  37.6324,
          35.5315, -39.3359,  43.1861, -27.9173,  47.7755, -37.1091, -54.2697,
         -34.3433,  41.0758,  34.3002, -42.0774, -50.8824, -34.3064, -30.0146,
         -24.0199, -52.1426, -27.3477,  26.2223,  37.5895,  48.3941, -26.3549,
          26.6163, -28.6876, -43.4458],
        [ 28.6320, -11.2727,  -3.2660,   1.7209, -21.9078,  28.1959,  14.9907,
          12.0364, -25.1923,  17.1903, -19.6579,  19.6653, -24.0757, -34.5196,
         -13.7566,  16.9532,  10.6323, -16.1799, -34.0661, -22.0276, -18.1389,
         -18.0065, -30.1569, -21.8532,  13.2065,  26.4868,  26.0349,  -8.1945,
          17.0974, -18.3310, -29.3964],
        [ 25.9612, -11.2533,  -4.6682,   1.9361, -19.5852,  24.9059,  14.5423,
          11.9895, -22.4084,  16.6607, -17.2853,  18.9521, -21.4062, -30.7222,
         -13.4488,  16.3475,  11.0181, -15.8854, -30.0314, -19.5393, -16.3044,
         -15.6970, -27.3176, -18.7643,  12.2531,  23.2451,  23.7861,  -8.5214,
          15.2916, -16.2639, -26.0487]],
       device='cuda:0', grad_fn=<ThAddmmBackward>)


