Discriminator error: tensor(55.2620, device='cuda:0', grad_fn=<ThAddBackward>)
Generator error: tensor(0., device='cuda:0', grad_fn=<BinaryCrossEntropyBackward>)
Points: tensor([[ 57.9275, -23.2493,  -7.4751,   3.7932, -44.2901,  56.8314,  30.7000,
          24.9145, -50.8600,  35.3945, -39.5411,  40.6236, -48.6890, -69.7638,
         -28.3060,  34.8881,  22.1194, -33.4011, -68.5279, -44.4447, -36.5403,
         -36.1178, -61.0508, -43.6758,  27.1384,  53.2456,  52.6791, -17.0912,
          34.5410, -36.9924, -59.3343],
        [ 27.5473, -15.3848, -10.4788,   3.2586, -19.9210,  24.0436,  18.6097,
          16.7389, -22.5475,  21.2838, -16.5372,  23.8826, -21.3322, -30.9659,
         -16.8800,  20.3943,  15.9911, -20.6169, -29.7022, -19.5157, -16.7910,
         -14.6041, -28.8488, -17.0033,  13.8305,  22.1997,  26.0179, -12.2009,
          15.1859, -16.3682, -25.3950],
        [ 34.1057,  -7.7718,   5.3618,   0.0195, -27.8427,  37.7281,  12.7948,
           7.9325, -32.2523,  14.6234, -26.5292,  17.6637, -31.2358, -43.8735,
         -12.0788,  15.3942,   5.7122, -13.1435, -44.4543, -28.2626, -22.3954,
         -25.1210, -36.2394, -31.0865,  14.6793,  35.8777,  29.8426,  -4.4081,
          22.2063, -23.5720, -39.1054],
        [ 47.0251, -18.5729,  -5.5765,   2.8980, -35.9429,  46.2493,  24.7724,
          19.9761, -41.3034,  28.3586, -32.2026,  32.6907, -39.5523, -56.6105,
         -22.7056,  28.0163,  17.6970, -26.7991, -55.6726, -36.0984, -29.7281,
         -29.4670, -49.4595, -35.5675,  21.8732,  43.3220,  42.7303, -13.6236,
          28.0848, -30.0427, -48.2332],
        [ 30.5716,  -9.0259,   1.5017,   0.7085, -24.3439,  32.4512,  13.2252,
           9.2112, -28.0115,  15.2063, -22.6438,  17.9125, -27.1772, -38.2448,
         -12.4509,  15.4969,   7.5295, -14.0712, -38.3533, -24.5174, -19.7255,
         -21.3082, -32.2710, -26.2115,  13.6222,  30.5652,  27.1724,  -5.9591,
          19.3630, -20.3983, -33.6408]],
       device='cuda:0', grad_fn=<ThAddmmBackward>)


