Discriminator error: tensor(55.2620, device='cuda:0', grad_fn=<ThAddBackward>)
Generator error: tensor(0., device='cuda:0', grad_fn=<BinaryCrossEntropyBackward>)
Points: tensor([[ 32.6008, -10.4085,   0.1462,   1.1259, -25.6957,  33.9064,  14.8725,
          10.8551, -29.6834,  17.0562, -23.6892,  19.9149, -28.4627, -40.5188,
         -13.8584,  17.2960,   9.0179, -15.8567, -40.4222, -25.9276, -20.8922,
         -22.0829, -34.5028, -27.0459,  14.8016,  31.9956,  29.1018,  -7.0899,
          20.3054, -21.5435, -35.0969],
        [ 36.7896, -19.6545, -12.5964,   4.0519, -26.8129,  32.8803,  23.9252,
          21.2851, -30.3822,  27.4926, -22.5927,  30.7618, -28.9131, -41.9636,
         -21.8149,  26.4693,  20.2523, -26.5601, -40.2449, -26.5648, -22.5406,
         -20.0136, -38.5954, -23.5111,  18.2106,  30.3467,  34.5205, -15.5064,
          20.7152, -22.0808, -34.5963],
        [ 36.3246, -20.3990, -14.1776,   4.4819, -26.2629,  31.7640,  24.5929,
          22.2688, -29.8842,  28.2409, -21.7586,  31.5628, -28.1053, -40.9599,
         -22.4296,  27.0995,  21.1245, -27.2758, -39.0504, -25.9807, -22.1818,
         -19.1350, -38.2459, -22.3471,  18.3073,  29.4104,  34.4536, -16.2521,
          20.1703, -21.6133, -33.3091],
        [ 42.5864, -26.5322, -20.5062,   5.9996, -30.2016,  35.4980,  31.1395,
          29.1407, -33.9020,  35.7402, -24.2703,  39.6638, -32.0015, -46.7191,
         -28.3344,  34.0618,  27.9696, -34.7393, -44.1054, -29.6353, -25.6916,
         -20.9970, -44.5485, -24.0533,  21.9889,  32.6758,  40.9549, -21.4424,
          22.9074, -24.6755, -37.5994],
        [ 42.5613, -20.3512, -10.9029,   3.9917, -31.6659,  39.6578,  25.5540,
          21.9796, -36.2702,  29.4096, -27.3337,  33.3162, -34.4905, -49.5572,
         -23.3756,  28.4674,  20.2847, -28.1347, -48.0691, -31.5598, -26.4811,
         -24.5110, -44.8561, -29.2850,  20.6253,  36.8805,  39.4746, -15.6414,
          24.6023, -26.2138, -41.3417]],
       device='cuda:0', grad_fn=<ThAddmmBackward>)


