Discriminator error: tensor(55.2620, device='cuda:0', grad_fn=<ThAddBackward>)
Generator error: tensor(0., device='cuda:0', grad_fn=<BinaryCrossEntropyBackward>)
Points: tensor([[ 34.8293, -18.5394, -11.6807,   3.8516, -25.4282,  31.0209,  22.5318,
          20.0848, -28.8949,  25.8503, -21.2798,  29.1616, -27.3458, -39.6475,
         -20.5662,  24.9837,  18.8978, -24.9119, -38.1314, -25.0408, -21.3517,
         -18.9593, -36.4635, -22.2823,  17.1440,  28.8932,  32.6539, -14.4463,
          19.5192, -20.9949, -32.6197],
        [ 45.3663, -19.8238,  -8.4903,   3.4967, -34.2512,  43.2873,  25.5719,
          21.2967, -39.1832,  29.5197, -30.0857,  33.5656, -37.3470, -53.7263,
         -23.6129,  28.8697,  19.5034, -27.9727, -52.4092, -34.1864, -28.3867,
         -27.2826, -47.7086, -32.6901,  21.5683,  40.4141,  41.5694, -14.9878,
          26.6766, -28.3186, -45.3590],
        [ 56.0745, -24.8575, -11.1380,   4.4252, -42.1778,  53.2462,  31.9969,
          26.7867, -48.2018,  36.6891, -36.9622,  41.8639, -45.9260, -66.1490,
         -29.3641,  35.8554,  24.6495, -35.0244, -64.5732, -42.0880, -35.0381,
         -33.3579, -58.9351, -40.0265,  26.7399,  49.6654,  51.3626, -18.7687,
          32.7888, -34.9995, -55.7978],
        [ 51.6253, -33.7981, -27.5238,   8.1193, -36.3194,  42.0414,  39.5007,
          37.2247, -40.6245,  45.1197, -28.8217,  50.0294, -38.2602, -55.9330,
         -35.7830,  43.0335,  36.2188, -44.0852, -52.4027, -35.2739, -31.0021,
         -24.5120, -54.0328, -27.9377,  27.2159,  38.5366,  50.1277, -27.7513,
          27.4227, -29.5627, -44.5478],
        [ 46.6771, -24.1734, -14.6557,   4.8089, -34.3198,  42.0986,  29.6233,
          26.2326, -38.8084,  34.0011, -29.0601,  38.2617, -36.9656, -53.6113,
         -27.0985,  32.7481,  24.6869, -32.7491, -51.6457, -33.9369, -28.7838,
         -25.8872, -48.8877, -30.5330,  22.9398,  39.1286,  43.6433, -18.7678,
          26.2094, -28.3213, -44.2688]],
       device='cuda:0', grad_fn=<ThAddmmBackward>)


