Discriminator error: tensor(55.2620, device='cuda:0', grad_fn=<ThAddBackward>)
Generator error: tensor(0., device='cuda:0', grad_fn=<BinaryCrossEntropyBackward>)
Points: tensor([[ 41.3498, -19.8835, -10.3913,   3.7184, -30.7590,  38.3850,  24.6608,
          21.3662, -35.0718,  28.4051, -26.4833,  32.3068, -33.4557, -48.2909,
         -22.7460,  27.5875,  19.7908, -27.2951, -46.8454, -30.5456, -25.6440,
         -23.8679, -43.4311, -28.3716,  19.8882,  35.8594,  38.3082, -15.0234,
          23.8051, -25.4524, -40.1340],
        [ 29.2893, -12.6159,  -5.0338,   2.0892, -22.2156,  28.2453,  16.2197,
          13.3939, -25.3862,  18.6628, -19.5215,  21.3102, -24.3070, -34.8343,
         -15.0973,  18.2535,  12.2799, -17.7597, -34.0724, -22.1468, -18.4040,
         -17.8606, -30.8480, -21.4135,  13.7813,  26.4548,  26.7644,  -9.3846,
          17.2696, -18.4537, -29.4679],
        [ 41.1924, -21.1805, -12.8425,   4.3129, -30.3312,  37.3296,  26.0557,
          22.9320, -34.5691,  30.0175, -25.7278,  33.7960, -32.7472, -47.4766,
         -23.9487,  28.9522,  21.6294, -28.8397, -45.6976, -30.0027, -25.4840,
         -22.9037, -43.4482, -27.0867,  20.2287,  34.6687,  38.5236, -16.3669,
          23.3896, -24.9217, -39.0578],
        [ 16.0339,  -6.1401,  -1.5822,   0.8868, -12.3370,  16.0459,   8.0979,
           6.5084, -14.1283,   9.4570, -11.0964,  10.9601, -13.6320, -19.4363,
          -7.6425,   9.4327,   5.8000,  -8.9851, -19.1337, -12.3726, -10.0924,
         -10.2329, -16.8468, -12.3875,   7.4482,  15.0301,  14.5378,  -4.4874,
           9.6589, -10.3047, -16.5998],
        [ 27.8461, -10.4756,  -2.3111,   1.4890, -21.5949,  27.9135,  14.0166,
          10.9680, -24.7759,  16.1262, -19.3958,  18.6569, -23.7597, -33.9422,
         -13.0847,  16.1040,   9.6573, -15.2230, -33.5041, -21.6322, -17.6722,
         -17.9379, -29.4005, -21.7345,  12.9831,  26.2451,  25.2168,  -7.4973,
          17.0370, -17.9805, -29.0265]],
       device='cuda:0', grad_fn=<ThAddmmBackward>)


