Discriminator error: tensor(55.2620, device='cuda:0', grad_fn=<ThAddBackward>)
Generator error: tensor(0., device='cuda:0', grad_fn=<BinaryCrossEntropyBackward>)
Points: tensor([[ 27.3338, -10.7668,  -3.2318,   1.7024, -20.9429,  27.0013,  14.3859,
          11.4155, -24.0679,  16.4326, -18.7482,  18.8388, -23.0336, -32.9288,
         -13.1965,  16.2413,  10.2530, -15.6062, -32.4680, -21.0243, -17.2954,
         -17.1760, -28.7455, -20.7294,  12.7595,  25.2308,  24.8304,  -7.9082,
          16.4893, -17.5333, -28.2054],
        [ 34.0070, -16.9700,  -9.5889,   3.2909, -25.1600,  30.9634,  21.0327,
          18.3042, -28.5350,  24.2358, -21.4263,  27.4343, -27.0746, -39.2644,
         -19.4024,  23.4181,  17.1522, -23.2254, -37.8748, -24.8512, -20.9943,
         -19.2147, -35.6406, -22.7600,  16.5844,  28.8394,  31.5734, -13.0982,
          19.4182, -20.6879, -32.6846],
        [ 28.5477, -18.4607, -14.9645,   4.3714, -20.1206,  23.4365,  21.5581,
          20.3141, -22.5310,  24.8049, -15.9641,  27.4705, -21.2536, -31.0060,
         -19.6716,  23.5671,  19.7206, -24.1104, -29.0545, -19.6517, -17.1154,
         -13.6997, -29.8561, -15.6179,  15.0592,  21.4722,  27.6836, -15.1230,
          15.2417, -16.4695, -24.6780],
        [ 36.8237, -14.7380,  -4.7082,   2.3635, -28.1825,  36.1231,  19.4722,
          15.8457, -32.2591,  22.4092, -25.1679,  25.7662, -30.8877, -44.3661,
         -18.0399,  22.1295,  14.1667, -21.2449, -43.6153, -28.3027, -23.1067,
         -22.9541, -38.7828, -27.8375,  17.2026,  33.9615,  33.4304, -10.8210,
          21.9345, -23.4598, -37.6502],
        [ 46.4847, -29.5749, -23.4760,   6.8959, -32.9529,  38.6542,  34.5283,
          32.4215, -36.9771,  39.6822, -26.3441,  44.1495, -34.9081, -50.9923,
         -31.6200,  37.9556,  31.3817, -38.7343, -47.7640, -32.1559, -28.0069,
         -22.6906, -48.7612, -25.9927,  24.3369,  35.5186,  44.9320, -24.0653,
          25.0370, -26.8899, -40.6902]],
       device='cuda:0', grad_fn=<ThAddmmBackward>)


