Discriminator error: tensor(1.6641, device='cuda:0', grad_fn=<ThAddBackward>)
Generator error: tensor(0.7044, device='cuda:0', grad_fn=<BinaryCrossEntropyBackward>)
Points: tensor([[-0.0372, -0.0376, -0.0003,  0.0153, -0.0365, -0.0454,  0.1030,  0.0166,
          0.0032],
        [-0.0516, -0.0168,  0.0475, -0.0054, -0.1021, -0.0853,  0.0529, -0.0120,
          0.0111],
        [-0.0539, -0.0021,  0.0181, -0.0188,  0.0097, -0.0476,  0.0012, -0.0687,
         -0.0263],
        [-0.0165, -0.0071,  0.0407,  0.0347, -0.0779,  0.0063,  0.0114,  0.0341,
          0.0179],
        [-0.0169, -0.0156,  0.0195,  0.0609, -0.0777, -0.0496,  0.0342,  0.0287,
         -0.0282]], device='cuda:0', grad_fn=<ThAddmmBackward>)


