Discriminator error: tensor(27.6310, device='cuda:0', grad_fn=<ThAddBackward>)
Generator error: tensor(17.7868, device='cuda:0', grad_fn=<BinaryCrossEntropyBackward>)
Points: tensor([[ 0.2603,  0.6642,  0.8192,  0.2644,  0.3763,  0.0919, -0.5135,  0.3316,
         -0.8022],
        [ 0.3372,  0.8724,  1.0920,  0.3564,  0.4654,  0.1409, -0.6748,  0.3917,
         -1.0318],
        [ 0.3142,  0.7329,  0.8851,  0.3309,  0.4180,  0.1328, -0.5984,  0.3146,
         -0.8817],
        [ 0.1448,  0.5363,  0.5852,  0.2486,  0.2149,  0.1026, -0.4255,  0.1828,
         -0.5600],
        [ 0.1993,  0.7205,  0.9252,  0.3271,  0.3532,  0.1697, -0.6200,  0.3510,
         -0.8002]], device='cuda:0', grad_fn=<ThAddmmBackward>)


