Discriminator error: tensor(27.6310, device='cuda:0', grad_fn=<ThAddBackward>)
Generator error: tensor(17.2398, device='cuda:0', grad_fn=<BinaryCrossEntropyBackward>)
Points: tensor([[ 0.5984,  1.1517,  1.6473,  0.4796,  0.7115,  0.1988, -0.8013,  0.8312,
         -1.5191],
        [ 0.6534,  1.2130,  1.6812,  0.5537,  0.7497,  0.2010, -0.8215,  0.8773,
         -1.6233],
        [ 0.6559,  1.1350,  1.6859,  0.5255,  0.6967,  0.2428, -0.7917,  0.7482,
         -1.5850],
        [ 0.5086,  1.0063,  1.3864,  0.4680,  0.6345,  0.1820, -0.6954,  0.6988,
         -1.2760],
        [ 0.5745,  0.9961,  1.5597,  0.4214,  0.6501,  0.1871, -0.6893,  0.6785,
         -1.4903]], device='cuda:0', grad_fn=<ThAddmmBackward>)


