Discriminator error: tensor(27.6310, device='cuda:0', grad_fn=<ThAddBackward>)
Generator error: tensor(18.7207, device='cuda:0', grad_fn=<BinaryCrossEntropyBackward>)
Points: tensor([[ 0.2800,  0.7037,  0.9354,  0.3325,  0.3433,  0.1840, -0.3771,  0.3003,
         -0.5473],
        [ 0.4811,  0.9503,  1.2647,  0.3651,  0.5376,  0.1590, -0.5046,  0.4427,
         -0.8189],
        [ 0.5599,  0.6504,  1.1553,  0.2136,  0.5696, -0.0787, -0.4964,  0.4578,
         -0.8942],
        [ 0.4396,  0.9024,  1.2367,  0.3543,  0.4877,  0.1257, -0.4983,  0.4125,
         -0.8786],
        [ 0.5494,  0.8509,  1.2643,  0.3060,  0.5423,  0.0664, -0.5202,  0.4612,
         -1.0323]], device='cuda:0', grad_fn=<ThAddmmBackward>)


