Discriminator error: tensor(27.6311, device='cuda:0', grad_fn=<ThAddBackward>)
Generator error: tensor(11.0868, device='cuda:0', grad_fn=<BinaryCrossEntropyBackward>)
Points: tensor([[ 0.1677,  0.5941,  0.7051,  0.4603,  0.5506,  0.2747, -0.5228,  0.3447,
         -0.3222],
        [ 0.2110,  0.6017,  0.7107,  0.4888,  0.5896,  0.3748, -0.5510,  0.3193,
         -0.3257],
        [ 0.1445,  0.5308,  0.6334,  0.4385,  0.4914,  0.2964, -0.5423,  0.2758,
         -0.2933],
        [ 0.1011,  0.5802,  0.6672,  0.4839,  0.5593,  0.2975, -0.5271,  0.3229,
         -0.3399],
        [ 0.1667,  0.5863,  0.6829,  0.4806,  0.5551,  0.3676, -0.5348,  0.2671,
         -0.2696]], device='cuda:0', grad_fn=<ThAddmmBackward>)


